BJD	Res	err
5.722218249587630999e+04	-9.381131631563377482e-02	1.210946156409876129e-01
5.722391687116972753e+04	5.075879725740151116e-02	1.144770759184670639e-01
5.723295181496451551e+04	1.192816717188875941e-01	1.140318969693467771e-01
5.723413024166393006e+04	7.351036205424854586e-01	1.128962269823025472e-01
5.723496810407444718e+04	-1.095716994164369851e+00	1.135403416482501787e-01
5.723608891514118295e+04	9.342370148752365822e-01	1.117335735146717801e-01
5.723785161063043779e+04	2.303498357154900589e-01	1.257453510480895653e-01
5.723907750609017239e+04	6.749489953043283919e-01	1.132481641261106065e-01
5.723992076011531753e+04	-6.232636950086742900e-01	1.171119484872257116e-01
5.724196113980243535e+04	4.967957408498389071e-01	1.186940062933511814e-01
5.725198008409460454e+04	-2.743886939794748514e-01	1.126141649960427787e-01
5.725287920852556999e+04	1.555485181954665563e-01	1.187033074802930493e-01
5.725392418441180052e+04	4.345236587895655589e-01	1.163029598972925432e-01
5.725511323002979771e+04	-1.715396627927098905e+00	1.147822435392672064e-01
5.725588684520369861e+04	-2.912924515217909516e-01	1.214756647372364634e-01
5.725914204134904867e+04	5.090047868295677347e-02	1.142447898900503661e-01
5.726113331115732581e+04	7.655776562622129688e-01	1.136866052022992984e-01
5.726193471214175224e+04	-9.325390094717427303e-01	1.180403728646552547e-01
5.726316294601008121e+04	-4.111492429088876577e-01	1.147516400187488239e-01
5.726397461389168893e+04	-5.586670325261273717e-01	1.156463594422649926e-01
5.726505711788827466e+04	1.925320480076777585e-01	1.147627258065252870e-01
5.726613164115887048e+04	-1.158052743302700804e+00	1.153437622782741007e-01
5.726691520497083548e+04	7.985856008262004480e-01	1.224799963164756450e-01
5.726786173013692314e+04	-5.469515570194580789e-01	1.243958102421445361e-01
5.726899904854912165e+04	-4.389665208607596014e-02	1.131740470270490989e-01
5.727003197692429239e+04	-8.374874656593149780e-01	1.147574183494910888e-01
5.727108115630353859e+04	1.070429183978447440e-01	1.149902583494899627e-01
5.727293564436733868e+04	-7.826730404141102326e-01	1.203904857808393153e-01
5.727404854122327379e+04	-1.419056226228896378e-01	1.177361051596291786e-01
5.727512443259388965e+04	-2.684266634972942711e-01	1.155446412533316369e-01
5.727799895966020995e+04	-4.072982191919471973e-01	1.157507897267749941e-01
5.727914781264035992e+04	-1.653645940212697951e-01	1.177406001100617799e-01
5.728009598712627485e+04	-4.757529502784194619e-01	1.159931739251796740e-01
5.728094982365499891e+04	5.204864124861785513e-01	1.180662053130835387e-01
5.728206901844918320e+04	5.443607176615650189e-01	1.153638861599073362e-01
5.728313381301489426e+04	9.208500493080151728e-02	1.164341884594571191e-01
5.729290288893938850e+04	7.221518907517356922e-01	1.234987753962108886e-01
5.729399593177351926e+04	-2.194918186265706339e-01	1.175551550757973351e-01
5.729486595496555674e+04	7.484866312620042095e-02	1.266749106604015407e-01
5.730110538716134761e+04	-7.351350140440082725e-01	1.318744231656448218e-01
5.730200421928437572e+04	1.589104731768671286e-01	1.130486679481327722e-01
5.730292134819882631e+04	1.223488858729631090e-01	1.196303628725233631e-01
5.730411825520274579e+04	-1.341844934915833676e+00	1.147737647343207018e-01
5.730694149808207294e+04	-1.931900871392926433e-01	1.169693251530112138e-01
5.730803354676790332e+04	-1.042871352770642801e+00	1.129395858717136547e-01
5.732195510678999563e+04	-3.127890760231757383e-01	1.124719999239470608e-01
5.732393824093314470e+04	1.212273153237422463e+00	1.137890008145371196e-01
5.732503690046801057e+04	-9.200933345080350989e-01	1.112249220963068413e-01
5.732602413406591950e+04	-1.437944846552483114e+00	1.107006084648808203e-01
5.732791467010226188e+04	-7.436105257194824958e-02	1.175730089868885359e-01
5.732892672839445731e+04	1.318933712144593429e+00	1.156818830083898714e-01
5.733014761128581449e+04	4.263227417140313946e-02	1.152235017673318707e-01
5.733089984056852700e+04	-1.471447626047144297e-01	1.188721642852076377e-01
5.733196093302501686e+04	-5.318686972456134754e-01	1.123248312937786958e-01
5.733296084970870288e+04	-4.386616373688099202e-01	1.122576998299443934e-01
5.733409681480474683e+04	7.514453403617018523e-01	1.119832792678239070e-01
5.733490896242979943e+04	1.311531298270907087e-01	1.193545096487881874e-01
5.734501944719991297e+04	8.284551411717444580e-01	1.129101929225829609e-01
5.734695019914199656e+04	5.142824267463108612e-01	1.151892195818450676e-01
5.734791556843950821e+04	-6.571267145451482605e-01	1.187494115665605338e-01
5.734997599724294560e+04	2.032026581848640490e-01	1.130993301547511404e-01
5.735117235232754319e+04	1.897468799049661925e-02	1.227052459494473724e-01
5.735307491231716995e+04	-2.742287483619882948e-01	1.161815748858312930e-01
5.735491036255299696e+04	9.661545202203409843e-01	1.236248839769044094e-01
5.736092306400713278e+04	-7.421261159315548639e-01	1.222865931159018982e-01
5.736797031061255257e+04	-3.419055789959557501e-02	1.176256894279884557e-01
5.737199894209040212e+04	7.307736072748358680e-01	1.195043258403353376e-01
5.737910503113822779e+04	-1.417744417503350007e+00	1.199698136682173510e-01
5.737996942719434446e+04	6.473393498151409631e-01	1.209713748537634831e-01
5.738097406124865665e+04	1.187110831687903101e-01	1.205595755730903829e-01
5.738614630625353311e+04	-1.061367646114135255e-01	1.225909733269903018e-01
5.738694872872376436e+04	3.455693819111971266e-02	1.220640536627576739e-01
5.738800573108796380e+04	-4.629444260135926470e-01	1.180982583825722493e-01
5.739108672644887702e+04	-9.295598669969074024e-01	1.187996259921652586e-01
5.739415124080735404e+04	-1.723979136689486324e-01	1.223926228901894425e-01
5.739493107354779204e+04	7.751528054520768762e-01	1.246057368475433219e-01
5.739607887145155837e+04	-1.048717080221852171e+00	1.186530456725765625e-01
5.739706415438615659e+04	-7.043839827993743086e-01	1.182510355725649026e-01
5.739810578269722464e+04	7.098563304778302552e-01	1.187897931274002894e-01
5.739906009629162145e+04	5.707801650398991455e-02	1.176454872991128525e-01
5.740593707657718187e+04	-9.369855738303201065e-02	1.254707147808357959e-01
5.740711138087360450e+04	-6.858565401492242586e-01	1.192864970751797565e-01
5.740817011640279816e+04	-5.167784208955801262e-01	1.235696722268031650e-01
5.741299663055427663e+04	2.200552255334120133e+00	1.195582339701473512e-01
5.741416605086105119e+04	-1.918998448438884452e+00	1.267979164908424050e-01
5.741799256408346992e+04	-4.697481371018952245e-02	1.191594318831334515e-01
5.741904987369654555e+04	4.572360412684197684e-01	1.178133303651747316e-01
5.742413049091137509e+04	3.675037401376144430e-01	1.208573053270014519e-01
5.742800451114343014e+04	-9.322840203185656094e-01	1.253361808335938521e-01
5.742892523945621360e+04	4.246755803353128300e-01	1.334091276017361494e-01
5.743011207076595747e+04	7.945812507216718501e-01	1.205133222365275397e-01
5.743097354154312779e+04	8.129667080298474957e-02	1.194522080954765891e-01
5.743316270496119978e+04	1.985639576684974372e-01	1.212272195983339212e-01
5.743402745144344954e+04	-1.500976601312803638e+00	1.177927436638914888e-01
5.743601480222826649e+04	2.580494647716697898e-01	1.181126750193681185e-01
5.744008916997300548e+04	-1.851523253112112855e-01	1.183066046031159141e-01
5.744504099954455887e+04	2.385885134622327541e-01	1.179724897438827885e-01
5.744591617324696563e+04	-1.517786039680181887e+00	1.262706067802238652e-01
5.744800385529352934e+04	-6.362743441876688166e-01	1.185948356372740348e-01
5.744899632747523719e+04	8.907798585367316946e-01	1.173143282486571320e-01
5.745103549944573024e+04	-5.389320543083577775e-01	1.330406752558150052e-01
5.745304763160986477e+04	5.323067967986396809e-01	1.201852708711702161e-01
5.745398585761812137e+04	-1.288280755286884016e+00	1.198278308588619084e-01
5.745509054588233994e+04	1.480383585305229843e+00	1.196996111620224346e-01
5.745592368632012949e+04	4.651106917316631950e-01	1.254461728114091013e-01
5.745699621605428547e+04	-2.503330876010696926e+00	1.189900515340225756e-01
5.745802519235028740e+04	6.956449717570833968e-02	1.197003511752030014e-01
5.745902206285212742e+04	4.315151937064918286e-01	1.183452335985499815e-01
5.746200396878796892e+04	-6.994621341093427702e-01	1.191729093612970830e-01
5.746320205369657924e+04	3.219246328895657427e-01	1.260216266396280427e-01
5.746493027957682352e+04	-8.084009963184257685e-01	1.288284211800225787e-01
5.746995706212560617e+04	-3.863926962893771133e-01	1.242542586012637534e-01
5.747395297524705529e+04	2.278149957087585165e-01	1.244743134088174968e-01
5.747488267371329130e+04	-1.060707222537331518e+00	1.314528953305115211e-01
5.747611970442417805e+04	-4.434007269738771129e-01	1.221643109522900922e-01
5.747689647744099057e+04	-9.332992456322486419e-02	1.298294113120040116e-01
5.748217096708052122e+04	6.423169338818048857e-01	1.217529793751327971e-01
5.748505026291837567e+04	-1.827563002556015448e+00	1.174835636635536140e-01
5.748612088859878713e+04	8.759058387862239670e-02	1.187434986813035304e-01
5.748705030144679040e+04	7.480845899810866229e-01	1.177410997108401108e-01
5.748807654627154261e+04	-4.963516770400318023e-01	1.174235106151042540e-01
5.748902045974098291e+04	4.262991112953429251e-01	1.183603630057640937e-01
5.748987418026379601e+04	-1.017590163326378416e+00	1.276314653190126214e-01
5.749110286336443096e+04	1.518411257722418028e+00	1.182523047996884152e-01
5.749812560411560116e+04	-2.025960410973226544e-02	1.189083884252577911e-01
5.750202758616731444e+04	-2.401079662900471590e-01	1.184551869580687811e-01
5.750292689647042425e+04	3.246080467862668684e-01	1.234926051810267683e-01
5.750718162785549066e+04	-3.127784410311811314e-01	1.230885304244956763e-01
5.750802047395486443e+04	-3.185704903451025416e-01	1.189274020693285167e-01
5.750902094199061685e+04	-9.471209702330973812e-01	1.189991223060525849e-01
5.751010377570117271e+04	8.454118731696418365e-01	1.183328691162102292e-01
5.751194102935169940e+04	1.777120017182795664e+00	1.225450046885993016e-01
5.751285670481258421e+04	-1.745537182120170172e+00	1.306238315366677338e-01
5.752212781735960743e+04	1.923932714473757244e-01	1.240409679291490375e-01
5.752306670361200668e+04	-9.064839413338532381e-02	1.218133626219361498e-01
5.752586391983911017e+04	-1.671465004493697393e-01	1.308737085595329808e-01
5.752706403318127559e+04	3.805477207010987684e-01	1.232868453271156600e-01
5.752806301495146181e+04	-3.744369428242322329e-02	1.227931486657489885e-01
5.752891144702566089e+04	-4.871400653863418029e-01	1.271881863361558618e-01
5.753207976665233582e+04	2.863618687319906542e-01	1.227896991903588558e-01
5.753284654377615516e+04	7.938813136005187232e-01	1.336657956063339314e-01
5.753391784759531583e+04	-4.200613788046467789e-01	1.276519717756919026e-01
5.753488145590903150e+04	-5.859144675120830925e-01	1.289861560897813397e-01
5.753602114932166296e+04	-7.217688180455397173e-01	1.233725636183631152e-01
5.753714581971090229e+04	-3.718580804793347738e-02	1.248323119374103451e-01
5.754407358966911852e+04	-7.931697698757744774e-02	1.236281706160819310e-01
5.754487218439547723e+04	-6.303507064549656036e-01	1.317852229688057653e-01
5.754595904663584224e+04	3.457837353913717493e-02	1.264639687044390726e-01
5.754701727574120741e+04	3.321284745465717947e-01	1.264178747013842141e-01
5.754822849380992557e+04	-1.584752288246669139e-01	1.325966589653077010e-01
5.754909622867717553e+04	-7.629347171695748386e-01	1.242116094159026879e-01
5.754994140885226807e+04	-9.076474485125167746e-01	1.276940860669382172e-01
5.755104363625435508e+04	1.208821104269475200e-01	1.248960281995363103e-01
5.755202815382521658e+04	-8.893853578508057467e-01	1.258141392676745962e-01
5.755299955529756699e+04	2.315619431386934934e-01	1.256711004410903665e-01
5.755400356239650137e+04	1.172311105816095989e+00	1.251342083697788987e-01
5.755491395682939765e+04	-8.104314751647940795e-01	1.290598256164347812e-01
5.755587727620040823e+04	-2.150750575934985420e-01	1.319756983145034812e-01
5.755706548580297385e+04	4.024488263842229685e-01	1.248429161035064516e-01
5.755802393437797582e+04	-8.214358600607454264e-01	1.250065577795732297e-01
5.755991654791399924e+04	-9.807213795523814781e-01	1.308561605858809818e-01
5.756091147412321152e+04	3.634370880891992783e-01	1.395453483800445094e-01
5.756211001873706846e+04	1.430691325857011975e-01	1.332334616032961327e-01
5.756715466868032672e+04	-9.877847353648050444e-02	1.274336618153669443e-01
5.756812919920565037e+04	3.533217530691175057e-01	1.263847822960053879e-01
5.756925132112118445e+04	-1.279392264856504369e+00	1.379238839849977194e-01
5.757114246390038170e+04	6.344809685301306956e-01	1.274246824904327613e-01
5.757196904835025634e+04	2.083900607227775481e-01	1.283528343891713608e-01
5.757303913045299123e+04	-1.741584814079288890e-01	1.264572727426927223e-01
5.757398506101049861e+04	-1.182430169103376727e-01	1.271322592849981614e-01
5.757710565541387768e+04	9.577564730416767702e-01	1.263440775191076171e-01
5.757802457860420691e+04	-9.126030501315902654e-01	1.262642605499569581e-01
5.758207341696273215e+04	-1.384292728297609187e-02	1.259421139634116782e-01
5.758290074503495271e+04	6.186189253822966805e-01	1.394473842406525055e-01
5.758505369772802806e+04	2.080566270437826049e+00	1.374263619332638520e-01
5.758619458747888712e+04	-1.325957584302241088e+00	1.453168506419035555e-01
5.758716493511012959e+04	-1.134639263792571739e-01	1.285372304516196329e-01
5.758802168761626672e+04	3.794127089317100854e-02	1.275180626439797738e-01
5.758888113703740964e+04	-1.642490441194190964e-01	1.390549817535745858e-01
5.759106345508817321e+04	-5.239025140408877235e-01	1.479439089731565959e-01
5.759196758506730839e+04	-5.654855443534643200e-01	1.490743656081044144e-01
5.759304090815815289e+04	-8.056984005089056211e-01	1.337044354530119994e-01
5.759395444633371517e+04	6.107822889907161823e-01	1.373867595914958495e-01
5.759684970819564478e+04	-1.300888529842541885e+00	1.720116725264023427e-01
5.759790455097411905e+04	5.421680143500928750e-01	1.450553753151455350e-01
5.759885786198528513e+04	8.811149238583126930e-01	1.447877458776077597e-01
5.760010594305113773e+04	-7.944678194246463931e-01	1.384216416574406416e-01
5.760091518600507698e+04	-1.642492003993009320e+00	1.511002534222193050e-01
5.760204808159654931e+04	1.252939475007266878e+00	1.293963490453464982e-01
5.760293135218974203e+04	-5.559563357733559030e-01	1.317523285331518579e-01
5.760385330721769424e+04	-5.566385406221208143e-01	1.382034558446597894e-01
5.760500418120237009e+04	-4.236425247043555942e-01	1.412139328691167373e-01
5.760685064644357044e+04	3.895584038835053775e-02	1.822418701845230082e-01
5.760784435736531304e+04	-2.968325028169616076e-02	1.562695388542375274e-01
5.760899418960297771e+04	-7.902597167462275252e-01	1.310010865721875362e-01
5.761002709803861217e+04	-7.198457198415368907e-01	1.364303682513367810e-01
5.761397224106359499e+04	-1.400229683554528037e-01	1.337354742215349779e-01
5.761488052381110174e+04	1.423926249247582376e+00	1.339214895757588064e-01
5.761700769548760582e+04	-9.480382243457334823e-01	1.270771110487419753e-01
5.761803083072757727e+04	3.447042978376657629e-02	1.269085413499760617e-01
5.761910084565499710e+04	7.616314549622202890e-01	1.252688010716593026e-01
5.762014512969579664e+04	-5.192273330400922760e-01	1.279861935156427766e-01
5.762101336721856205e+04	-7.030731847680122826e-01	1.271406425600251355e-01
5.762295897651654377e+04	-7.850901589035430561e-02	1.349785602402086837e-01
5.762399710704420431e+04	-7.204901019667389050e-01	1.333803203747517263e-01
5.762613711658005195e+04	-3.493047494978753775e-01	1.269752844595468388e-01
5.762711244403936871e+04	8.532833327518041244e-01	1.263752187656434212e-01
5.762792555841694411e+04	-2.913273028894103334e-01	1.626878554691943701e-01
5.763014019060130522e+04	1.587629576059015335e-01	1.523081471053811531e-01
5.763102223904115817e+04	3.285309123640089979e-02	1.322717393494902416e-01
5.763422346636503062e+04	-7.076158191129024999e-01	1.379551796896679450e-01
5.763588511679249496e+04	5.516852902638085254e-01	1.369730997364411451e-01
5.763705418471936719e+04	7.407485550955748010e-01	1.276264407070205886e-01
5.763805222087709262e+04	4.342761450142695878e-01	1.269028297606749900e-01
5.763908896134346287e+04	-4.702728628317522919e-01	1.287672298193637821e-01
5.764012662455676764e+04	-9.753387112485789601e-01	1.300799307740825306e-01
5.764113491525562858e+04	-1.791694640535901328e-01	1.307435255801379370e-01
5.764215998658012541e+04	-1.994252879648676924e-01	1.301010791858107918e-01
5.764406767281886277e+04	-3.144014487602007080e-01	1.333126587695966092e-01
5.764516455296331696e+04	-8.786490133891078358e-01	1.336775095211081565e-01
5.764608565801179066e+04	1.264900368167261036e-01	1.251758425645791706e-01
5.764714667590917088e+04	-1.173198655241520783e-01	1.272806068546487868e-01
5.764786274857041280e+04	-6.642179432046653176e-01	1.374604117930552094e-01
5.764905393577834184e+04	-7.297515338879350111e-01	1.257312301469065419e-01
5.765008464869584714e+04	3.728363408056338812e-01	1.260173899961452570e-01
5.765102943475004577e+04	8.255424562104103359e-01	1.260448690642736458e-01
5.765389978566686477e+04	2.294941543970594466e-01	1.337559536509927427e-01
5.765509361630025523e+04	1.088900208806435899e-01	1.253178624816488618e-01
5.765601933330369502e+04	-1.080800301068638447e+00	1.257019027704233682e-01
5.765695122422647546e+04	-3.643317164628712135e-02	1.281713379372209083e-01
5.765788263197246852e+04	6.824029829277691306e-01	1.349446494540001429e-01
5.765889512496081443e+04	-1.724655002180202956e+00	1.335178847183191853e-01
5.766096116685865127e+04	-1.819404886996807136e-01	1.297613503793745571e-01
5.766397501984203700e+04	-8.474469619779050333e-01	1.258709197579105099e-01
5.766809669133147690e+04	8.243748293226289547e-01	1.281762239222671573e-01
5.767113183184869558e+04	5.552197363024760079e-01	1.284413130581618379e-01
5.767311278449150268e+04	-9.416574337817706919e-02	1.274040788405430835e-01
5.767516679496151482e+04	-9.036815442431027634e-01	1.316756582416867827e-01
5.767592402414281241e+04	-5.466512688989695334e-01	1.353252802879786887e-01
5.769096347315367166e+04	4.598914420492299371e-01	1.290670478371561125e-01
5.769988893022521370e+04	6.263548396688634057e-02	1.406421871940523316e-01
5.770093621725602861e+04	3.773626192252663714e-01	1.319690567167133011e-01
5.770214208906410931e+04	-1.632082198888369362e-01	1.324361225191043046e-01
5.770315391201513557e+04	-8.914949207153455291e-01	1.337057328670199496e-01
5.770408915387626621e+04	-1.555605059653437650e-01	1.289715476502062141e-01
5.770601144931394083e+04	2.401286952608288061e-01	1.286836310973450415e-01
5.770914054572659370e+04	8.055852255897022474e-02	1.351516073878133162e-01
5.771909878420423775e+04	-8.604786062198037655e-01	1.303532805868554689e-01
5.771999088318214490e+04	4.859001975346437519e-01	1.301740064133141972e-01
5.772306707531688153e+04	-2.313567548501822557e-01	1.298894328830847433e-01
5.772805388435740315e+04	-1.058826188225527432e+00	1.301178147902184723e-01
5.772904548832178261e+04	7.073665799421000600e-01	1.297218215208733316e-01
5.773105045942693687e+04	-6.551745935765573847e-01	1.298605593960147908e-01
5.773314386187310447e+04	-9.731392363610176233e-01	1.341628462858993343e-01
5.773400620847655955e+04	3.158614911731341124e-01	1.284363869247789058e-01
5.773600952689809492e+04	6.950314303089371037e-01	1.284355587417329858e-01
5.773697794537823938e+04	-6.920198018203187473e-01	1.218019399451447243e-01
5.773807017627986352e+04	3.496665276847181758e-01	1.267513719405384542e-01
5.773903011463936127e+04	-9.600285338072502839e-01	1.268637102316960419e-01
5.775005882862828730e+04	-8.499635889246910381e-01	1.411094978543327161e-01
5.775700438329733879e+04	3.698432944677954026e-01	1.288139848930388021e-01
5.775997528764689923e+04	-2.741430554635684302e-01	1.349982990888485002e-01
5.776300933560136036e+04	-8.538625121883178792e-01	1.311889766530111578e-01
5.776408968651931355e+04	1.075117385339297016e-02	1.299542165443100805e-01
5.776913625712603971e+04	-1.695677688639598557e-01	1.352493281912483802e-01
5.777009135582054296e+04	4.473333355042470316e-01	1.320083698343585965e-01
5.777293055611798627e+04	-5.452900421436588374e-01	1.399017620397508266e-01
5.777394901874445350e+04	-1.106053103374708968e+00	1.387365755249237997e-01
5.777497904243520316e+04	1.197228498542010300e+00	1.330451979112994565e-01
5.777706281731610216e+04	-4.541720559486321918e-01	1.306917759085962916e-01
5.777813123728211940e+04	3.557947005446138178e-01	1.328784700020863296e-01
5.777891405756099266e+04	1.068172180024841822e+00	1.407417783119061239e-01
5.778802617254096549e+04	1.099095344398861585e-01	1.311462046198685616e-01
5.778892426221027563e+04	1.459941628983294493e+00	1.386631507179365008e-01
5.778991683228460170e+04	-1.294207493261890107e+00	1.401013527017703764e-01
5.779095278108432831e+04	-5.742702919031543729e-01	1.349055528471261589e-01
5.779292761839699233e+04	-3.816206099578849376e-01	1.379370713384912017e-01
5.779390830304966948e+04	1.508116158776573457e-01	1.420290306532599744e-01
5.780006344296762836e+04	-1.101610415946332466e-01	1.293854932264308644e-01
5.780217658614294487e+04	-1.902025629457853029e-01	1.411597916381251705e-01
5.780507614031344565e+04	-1.607314634075514448e+00	1.299417718853219939e-01
5.780806787405959767e+04	2.361954112966557773e-01	1.333644947454097618e-01
5.780995381871834252e+04	-7.768629537749447422e-01	1.379384387100330289e-01
5.781115524452966201e+04	4.019967188811328640e-01	1.358926946051516038e-01
5.781213806839407334e+04	5.215859125033226462e-01	1.347989165949559920e-01
5.781304378089933743e+04	2.587847567033563223e-02	1.352705045720364041e-01
5.781397608129892615e+04	-1.285804832292985367e+00	1.343688581330103604e-01
5.781497422163018928e+04	-2.472284108522480039e-01	1.395237697045970948e-01
5.781608449202714837e+04	-1.806575021857277363e-01	1.340202695440110836e-01
5.781700966368814989e+04	2.881716680477097725e-02	1.346648961248833321e-01
5.782005879948742950e+04	-7.838665646146374399e-01	1.367599704394596438e-01
5.782094744623149018e+04	-2.615497206078032377e-02	1.549561577585411576e-01
5.782188723713688523e+04	-6.328725370491028457e-02	1.679892338645328775e-01
5.782514033768785157e+04	3.732506573324840815e-01	1.370641268032964377e-01
5.782597839734247100e+04	-3.026513617233099751e-01	1.354004072280786397e-01
5.782900293020263780e+04	-1.651048237777175132e-01	1.389203146487157925e-01
5.783604429138623527e+04	3.327338438923383990e-01	1.312983306556292362e-01
5.783709451088165224e+04	-4.915224250939189687e-01	1.312443883745390838e-01
5.784007879471089109e+04	3.464322757564595179e-01	1.319932617229137850e-01
5.784096309641345579e+04	-6.896051737104329504e-01	1.343999410393718619e-01
5.784507401843608386e+04	1.658912895263497944e-02	1.337845105979256488e-01
5.784596712586918147e+04	6.634262368208112548e-01	1.354634787106860083e-01
5.784686326089099020e+04	-1.319837052074053219e+00	1.456080693709764506e-01
5.784812825979183253e+04	-1.224268045407459482e+00	1.326657248815817647e-01
5.784904649030935252e+04	7.800736286280134379e-01	1.319026153386199662e-01
5.784989198031750129e+04	2.835224242133449479e-02	1.368070473074226578e-01
5.785106828216116264e+04	-6.088048944740691582e-01	1.295695479125674454e-01
5.785190580795949063e+04	-8.106431185020532837e-01	1.346234346814439709e-01
5.785305033214913419e+04	-8.130769000607784847e-02	1.301056052760402870e-01
5.785589736191210250e+04	-9.051668733772153530e-01	1.400592490098979404e-01
5.785703197202116280e+04	6.094675006274883344e-01	1.260970151394173178e-01
5.786004504380821891e+04	3.108934044577189582e-01	1.342600389782107884e-01
5.786098986210121075e+04	-1.328242520232016943e-01	1.382874028078506512e-01
5.786196940857401205e+04	-1.425848835352731214e+00	1.236821760060174830e-01
5.786284707662161236e+04	-1.121312213264502589e-03	1.370304010575564835e-01
5.786510376951314538e+04	4.125750900669622467e-01	1.231879431437594014e-01
5.786600600285922701e+04	2.714243542516854291e-01	1.232047342333529721e-01
5.786701583195257990e+04	-8.833262810903548257e-01	1.226323516248182949e-01
5.786796154229143576e+04	1.595601171483632896e+00	1.241027306843296846e-01
5.787486559782475524e+04	6.282170287713100265e-01	1.346784717525435215e-01
5.787586296091316763e+04	2.091960148567366673e-01	1.343715486890607880e-01
5.787906093803044496e+04	1.118951573846587166e-01	1.236115709197886520e-01
5.788096916964261618e+04	5.532954129946077160e-02	1.242206166556594077e-01
5.788710114679319668e+04	1.308311430658797292e-01	1.238986927625328888e-01
5.789213433571685164e+04	-5.194920989700513303e-01	1.248777612656888913e-01
5.789508494481393427e+04	7.169389681234150657e-03	1.238152265582360134e-01
5.789609687557845609e+04	1.717911074590787734e-01	1.243292385568956632e-01
5.789786975373266614e+04	2.764979426819778041e-01	1.339431878425089983e-01
5.789914696685454692e+04	-3.154551958948736967e-01	1.253958582460175109e-01
5.789987678014318954e+04	-8.298780997134898030e-01	1.326362858715591231e-01
5.790188797094691836e+04	-8.780146585639236889e-01	1.315502716132779804e-01
5.790286238781029533e+04	8.713076744140551000e-01	1.340951766194398709e-01
5.790509026045659994e+04	1.857425297555259647e-01	1.239925148270344946e-01
5.790611758595244464e+04	-5.159857099881541842e-01	1.244606828402381044e-01
5.791303726735641976e+04	-2.255324265291811514e-01	1.240659668857303083e-01
5.791701506907041767e+04	-6.297831029776581602e-01	1.249778550109416214e-01
5.791788348280022910e+04	2.331300643302114395e-01	1.327085214202059493e-01
5.792015776820814062e+04	-4.608572431375073108e-01	1.266557311401050878e-01
5.792088053501294053e+04	3.766391227949483778e-02	1.335456489346300568e-01
5.792311779988094349e+04	1.034182449263354897e+00	1.247171805668206707e-01
5.792502312010402238e+04	-2.887392023688448717e-01	1.246408970078805162e-01
5.792597680593211408e+04	1.005374410385798001e+00	1.293891551512856841e-01
5.792702269402758975e+04	-1.250157501287954886e+00	1.493852529678668384e-01
5.793090886714436783e+04	4.129796313841076483e-01	1.475840199658743079e-01
5.793312230700624787e+04	-2.460891073473199242e-01	1.307395362905099667e-01
5.793404583298163197e+04	-6.880908745395899473e-01	1.272678156709263764e-01
5.793607847822301846e+04	1.309948951196151512e+00	1.271909431227178644e-01
5.793703376391971688e+04	-7.911443427366222636e-01	1.277637996673867682e-01
5.793810649623571226e+04	1.062416463389688204e-01	1.277032675041306908e-01
5.793889684273618332e+04	4.105597241990679436e-01	1.343770802972141798e-01
5.794012292767063627e+04	-4.382537199271894224e-01	1.290862785375455069e-01
5.794492859977798071e+04	1.293871821981628756e+00	1.308517023954704761e-01
5.794803614624623879e+04	3.382273555676498233e-01	1.278188556193797509e-01
5.794986811578823108e+04	-3.339478833272906400e-01	1.799302984873609457e-01
5.795305489056517399e+04	5.917940936535153185e-01	1.342904711965120790e-01
5.795393294025099021e+04	-3.543116866743822868e-01	1.306754713932310741e-01
5.795499742931004585e+04	3.105288237599914680e-01	1.292982672370777408e-01
5.795604107060181559e+04	-3.175937591439144114e-01	1.286388772318028673e-01
5.795700924723033677e+04	-1.200643250300611697e+00	1.301123219542676679e-01
5.795795995946624316e+04	6.350681670264322065e-01	1.297164693347130360e-01
5.795896537735006859e+04	-6.496806022788348400e-02	1.393288219335779843e-01
5.796200532161736191e+04	1.549655775010592151e-01	1.440705869103497960e-01
5.796304260532534681e+04	-7.662803290380324484e-01	1.406404625362837335e-01
5.796384847913778503e+04	-1.067841982486591235e+00	1.829917931894780025e-01
5.796487303088443150e+04	6.240690578987546644e-01	1.469887852069351464e-01
5.796585511649785622e+04	-3.594232353709543304e-01	1.398302353407413212e-01
5.796694812909369648e+04	-1.204795887239441754e+00	1.285307888710746638e-01
5.796800410095298139e+04	-2.224562191040249104e-01	1.306685743653947795e-01
5.796894704362611083e+04	6.888670041367142005e-01	1.285051445262296865e-01
5.797005673098039551e+04	4.732300116959180514e-01	1.280119688438943470e-01
5.797107599841088086e+04	4.397793741869016060e-01	1.274969641851542435e-01
5.797200904346943571e+04	-2.247297799129732709e-01	1.311134215107097323e-01
5.797484917074124678e+04	-1.171618730431031707e+00	1.817684474060562438e-01
5.797807304571271379e+04	-1.397182355319870339e-02	1.375563724116651010e-01
5.797988440437275131e+04	-6.326441684534778176e-01	1.366565301632609586e-01
5.798412176827678195e+04	-2.651763333128798195e-01	1.392563118818604395e-01
5.798487884292681701e+04	5.263569710017144132e-01	1.384675526907671317e-01
5.798606399943599536e+04	-1.106956432720807015e-01	1.530763701775888774e-01
5.798692158784053754e+04	5.949317989778677429e-01	1.910211300145412405e-01
5.798901845301394496e+04	-2.313175059431777925e-01	1.521731311964689137e-01
5.799100892673392082e+04	6.737187962314408196e-01	1.631243673383055981e-01
5.799200585464394680e+04	-1.137019192274486556e-01	1.568932296367862023e-01
5.799389315152880590e+04	-1.452199581123920780e-01	1.469866442415352914e-01
5.799512340108292847e+04	-1.445462874912543327e+00	1.338245089945524213e-01
5.799699984900544951e+04	-7.363139555852882268e-03	1.330756376712644851e-01
5.799997463470458024e+04	2.343558871448626846e+00	1.324651833401798984e-01
5.800191808355425019e+04	6.704227050448601233e-01	1.515267210378275220e-01
5.800287182935361488e+04	4.078273512495229625e-01	1.392199139103058592e-01
5.800508065038253699e+04	2.913481597590354966e-01	1.443987257636001054e-01
5.800598838651636470e+04	-1.270988487000607847e+00	1.438827970200503847e-01
5.800810831114782923e+04	3.408814509682223104e-01	1.329697365301743817e-01
5.801310458372735593e+04	-2.815931092035022232e-01	1.386338982711713130e-01
5.801499921115241887e+04	-4.510242384605689381e-02	1.649588185574492327e-01
5.801695314250135561e+04	-4.606023160115775283e-01	1.589754548134053869e-01
5.801790709382812929e+04	-8.399474082305289357e-01	1.301438404118374081e-01
5.801887257521833817e+04	9.918131525773539181e-01	1.360242497943364437e-01
5.802387091736177535e+04	-4.555497683893108274e-01	1.412085311932269605e-01
5.802712266330412967e+04	8.634386323493892235e-01	1.287971510573691913e-01
5.802789690835672081e+04	3.126483779271360675e-01	1.332302009119288033e-01
5.802906923905935400e+04	2.729951564318291446e-01	1.267680619850988233e-01
5.803000061945877678e+04	2.110138229022062717e-01	1.558475870264064145e-01
5.803100102827463706e+04	-1.760992397617471283e-01	1.554563592452080922e-01
5.803196327234658384e+04	-6.824624808979820045e-01	1.564323122688643652e-01
5.803318213040917908e+04	-1.702431294866613598e+00	1.419764772634019845e-01
5.803387967820305494e+04	7.486108198146261827e-01	1.350689208283592235e-01
5.803486969439618406e+04	8.336208032250205235e-01	1.391936118922223742e-01
5.803698617072702473e+04	-2.657663846208428993e-01	1.574571083076453659e-01
5.803792937381575030e+04	2.973928655784128239e-01	1.598425371910031367e-01
5.804407253705216135e+04	4.162440331708516794e-01	1.732732749217785750e-01
5.804597763431921339e+04	-7.206116806049500667e-01	1.649458344029439139e-01
5.804701767838619708e+04	-5.114762241514476671e-01	1.631000315826504898e-01
5.805196149708291341e+04	-2.217760258376770821e-01	1.704103657817148398e-01
5.805700292162036931e+04	1.927108433936126630e-01	1.651376980102452208e-01
5.805814940696267149e+04	-1.694074657893835933e-01	1.681179624904509673e-01
5.806010473496841587e+04	-5.694933837623317174e-01	1.665949259370183566e-01
5.806093500006942486e+04	-3.545229433760503923e-01	1.681136047569381786e-01
5.806812153855273937e+04	-9.614675321429508870e-01	1.601493491115734136e-01
5.813713556013906054e+04	8.850171176232777270e-01	1.100952895438983004e-01
5.816417043294863106e+04	4.692812254535105865e-01	1.951902674448409147e-01
5.816514688102939544e+04	-1.242108944434100692e+00	1.927519221705764341e-01
5.817104123197635636e+04	-1.036414756231348377e+00	1.316799500933747702e-01
5.817192225493733713e+04	-6.291725514811474795e-02	1.382087774669230329e-01
5.817894650722530787e+04	-5.044945803559031106e-01	1.342069020384914768e-01
5.818310274107517762e+04	1.156158928644721584e-01	1.319664835724469187e-01
5.818598675838331837e+04	1.106867879009172384e-01	1.325006401457852756e-01
5.818790273916888691e+04	-1.492152549053564314e+00	1.386795289718568691e-01
5.819001722713754134e+04	2.073089266102492445e-01	1.315542457932495080e-01
5.819087691948243446e+04	3.588712329352752306e-01	1.442859604459612866e-01
5.819318007645104808e+04	1.392216089726510120e-01	1.384720720654393500e-01
5.819497290362166677e+04	-4.413427746700975263e-01	1.333844309563172736e-01
5.819594082015599997e+04	-3.603601083359926349e-01	1.345342727779831882e-01
5.819821083112875203e+04	-2.650030804531375850e-01	1.408479994918500344e-01
5.819991621487624070e+04	-1.118916311792162332e+00	1.358474765675614093e-01
5.820119434392870608e+04	1.370395601400673513e-01	1.384817256913380423e-01
5.820699058631485968e+04	-1.512663255236649462e+00	1.979434601624542045e-01
5.820887948414850689e+04	1.248876515489634187e-01	1.421582226061677834e-01
5.821099344881344587e+04	-2.986960655944415066e-01	1.328676134579196977e-01
5.821393219517875696e+04	-5.890082131556440004e-02	1.410686166489824866e-01
5.821507141857135139e+04	3.098623971569303137e-01	1.383541691485167813e-01
5.821693356959568337e+04	-6.628688316840936068e-03	1.417169920660296956e-01
5.821787582847628801e+04	-6.334537392392540767e-01	1.494992625568079547e-01
5.821905452689331287e+04	1.055459799134865762e-01	1.380862535691182169e-01
5.822010736412060942e+04	-4.484766549243275335e-01	1.397409121109508823e-01
5.822113079341305274e+04	-1.124732477293452604e+00	1.411524094680126351e-01
5.822299637705719942e+04	6.466852542064671638e-01	1.389224029911295399e-01
5.822409910260100150e+04	-1.202156056308893994e+00	1.395978720554808261e-01
5.822504520864300866e+04	1.001251242796570295e-01	1.390343656797453364e-01
5.822707822482920892e+04	6.577318125877198440e-01	1.394956337653764089e-01
5.823305634534436103e+04	-1.280740124480079345e+00	1.392951280504879374e-01
5.823399857410270488e+04	6.908821645214189289e-01	1.391392038974077205e-01
5.823490558656115172e+04	4.387273176236412553e-01	1.445566598328721364e-01
5.823694609524506814e+04	-7.586326949880088932e-01	1.400802043265225449e-01
5.823805601080522320e+04	4.158846061892234047e-01	1.387170574659776501e-01
5.823907104207040538e+04	-3.911521120708698618e-01	1.398791287246789750e-01
5.824200286392862472e+04	-8.017354908515521572e-01	1.402655986052029347e-01
5.824301855278470612e+04	-1.841284599099353159e-01	1.393556256910595537e-01
5.824592905966512626e+04	-1.163173193284489315e+00	1.426517759163878074e-01
5.824705303038441343e+04	1.051459482897350028e-01	1.398495635609028065e-01
5.824811403371203778e+04	3.281035861190311209e-01	1.395602289194691481e-01
5.824898641924573167e+04	5.159342786976353068e-01	1.386586084394097751e-01
5.825188581712599262e+04	6.073786769967064458e-01	1.447559649097975576e-01
5.825302387643499242e+04	-5.462045780968232123e-01	1.396970520638885771e-01
5.825510544721495535e+04	1.521417697027693805e-01	1.405689805965413264e-01
5.825612456021997059e+04	-1.948231964615239065e-01	1.408436498553784222e-01
5.825688248817014392e+04	-2.940780384021373095e-01	1.477169373705500832e-01
5.825810658321873052e+04	3.611229590707019099e-01	1.401849773643312480e-01
5.825888484793445241e+04	-4.971842409046800526e-01	1.495700662293885375e-01
5.825988698116596788e+04	-3.649954392046801388e-01	1.472556650176989890e-01
5.826687342751499818e+04	1.010060953332157396e+00	1.485104989674934373e-01
5.826814811027782707e+04	1.462521510350498488e-01	1.422716791291007421e-01
5.827001488482520654e+04	-3.762888458635025302e-01	1.400073311914529772e-01
5.827110663969261805e+04	7.091506478968128135e-01	1.411616265315187857e-01
5.827184137640391418e+04	-7.032644726138030933e-01	1.552312097389915158e-01
5.827285631984813517e+04	9.036855235945040477e-02	1.506317953297264256e-01
5.827410119866322930e+04	-2.663803157717943293e-01	1.402631690390174490e-01
5.827509998600851395e+04	-4.827744714728154918e-02	1.406593107999423997e-01
5.827613000469705003e+04	-1.514671320393787823e-01	1.409201355721138860e-01
5.827696592961745046e+04	-4.272528573659855056e-01	1.394422886919987337e-01
5.828322397996400105e+04	5.904395399633095565e-01	1.506365104394874754e-01
5.828512078549541911e+04	-2.032926306466009692e-03	1.419527962529493759e-01
5.828696884103813500e+04	1.614008918381486524e-01	1.401086517928352426e-01
5.828912543535865552e+04	-1.963872546591716173e-01	1.426487701290756749e-01
5.829002051496940840e+04	-4.368955309045183810e-01	1.401322058512524393e-01
5.829098511244853580e+04	3.031116779807199180e-01	1.401668601084737897e-01
5.829207795070838620e+04	2.989113032664505454e-01	1.407355682494077775e-01
5.829313908436211932e+04	-6.805453900622779884e-01	1.414975830857696237e-01
5.829413378038530936e+04	5.379677491729601968e-01	1.416731223402695750e-01
5.829796782897082448e+04	1.478842804903379715e-02	1.398110735162512719e-01
5.830010058163906797e+04	-5.557356846888339419e-01	1.407438793477111816e-01
5.830387574614842742e+04	-1.109544699983199934e+00	1.903071919949436974e-01
5.830512216345397610e+04	3.972071422215428527e-01	1.674295586454807860e-01
5.830620730980112421e+04	-1.605967929910789849e-01	1.466808016376947299e-01
5.830689431039030023e+04	1.071196708965548083e+00	1.464183353584181391e-01
5.831311992467886739e+04	1.028311726641319979e-01	1.466799363479786289e-01
5.831386587794029037e+04	2.662906866848651077e-01	1.565805546994624708e-01
5.831509207824336772e+04	-6.967789660173018262e-01	1.461341740550118617e-01
5.831591425744770095e+04	-1.284900226575974358e+00	1.502498543439332312e-01
