BJD	Res	err
5.722218249587630999e+04	8.448526584732007905e-01	1.210946156409876129e-01
5.722391687116972753e+04	1.546008037147945657e+00	1.144770759184670639e-01
5.723295181496451551e+04	5.639123187413090932e-01	1.140318969693467771e-01
5.723413024166393006e+04	1.549427357666987248e+00	1.128962269823025472e-01
5.723496810407444718e+04	-1.177728258101709002e-01	1.135403416482501787e-01
5.723608891514118295e+04	1.964568632307342355e+00	1.117335735146717801e-01
5.723785161063043779e+04	1.037633549861149973e+00	1.257453510480895653e-01
5.723907750609017239e+04	1.223919581990839944e+00	1.132481641261106065e-01
5.723992076011531753e+04	-2.569664164006919549e-01	1.171119484872257116e-01
5.724196113980243535e+04	4.182205544521373497e-01	1.186940062933511814e-01
5.725198008409460454e+04	9.263137135261914068e-01	1.126141649960427787e-01
5.725287920852556999e+04	1.181536359773051714e+00	1.187033074802930493e-01
5.725392418441180052e+04	1.053225169334528033e+00	1.163029598972925432e-01
5.725511323002979771e+04	-1.541983780142583527e+00	1.147822435392672064e-01
5.725588684520369861e+04	-2.620877456471006894e-01	1.214756647372364634e-01
5.725914204134904867e+04	2.017440249842294975e-01	1.142447898900503661e-01
5.726113331115732581e+04	4.940804235214333318e-01	1.136866052022992984e-01
5.726193471214175224e+04	-1.425885946370410551e+00	1.180403728646552547e-01
5.726316294601008121e+04	-1.090233029709839485e+00	1.147516400187488239e-01
5.726397461389168893e+04	-1.192982087145505687e+00	1.156463594422649926e-01
5.726505711788827466e+04	-2.031873046651888615e-01	1.147627258065252870e-01
5.726613164115887048e+04	-1.276752079112149829e+00	1.153437622782741007e-01
5.726691520497083548e+04	7.870607715871713594e-01	1.224799963164756450e-01
5.726786173013692314e+04	-6.055550694100944042e-01	1.243958102421445361e-01
5.726899904854912165e+04	-3.608632467752208584e-01	1.131740470270490989e-01
5.727003197692429239e+04	-1.422387642288438059e+00	1.147574183494910888e-01
5.727108115630353859e+04	-6.494046264191766227e-01	1.149902583494899627e-01
5.727293564436733868e+04	-1.544464086000633785e+00	1.203904857808393153e-01
5.727404854122327379e+04	-7.857713442226632594e-01	1.177361051596291786e-01
5.727512443259388965e+04	-7.551396952059867829e-01	1.155446412533316369e-01
5.727799895966020995e+04	-5.082909463967304475e-01	1.157507897267749941e-01
5.727914781264035992e+04	-5.796655609324119496e-02	1.177406001100617799e-01
5.728009598712627485e+04	-1.373201111554216425e-01	1.159931739251796740e-01
5.728094982365499891e+04	1.063072274530913575e+00	1.180662053130835387e-01
5.728206901844918320e+04	1.220324924421177570e+00	1.153638861599073362e-01
5.728313381301489426e+04	6.329669725726745355e-01	1.164341884594571191e-01
5.729290288893938850e+04	-2.437281861220697010e-02	1.234987753962108886e-01
5.729399593177351926e+04	-8.383980966985316030e-01	1.175551550757973351e-01
5.729486595496555674e+04	-5.722635882443789512e-01	1.266749106604015407e-01
5.730110538716134761e+04	-7.490986403867196941e-01	1.318744231656448218e-01
5.730200421928437572e+04	4.990630418096273502e-01	1.130486679481327722e-01
5.730292134819882631e+04	7.589195717633892002e-01	1.196303628725233631e-01
5.730411825520274579e+04	-5.470235508656280388e-01	1.147737647343207018e-01
5.730694149808207294e+04	4.478155866515720618e-01	1.169693251530112138e-01
5.730803354676790332e+04	-3.487943660371684018e-01	1.129395858717136547e-01
5.732195510678999563e+04	-1.877853747799100859e-01	1.124719999239470608e-01
5.732393824093314470e+04	7.351855544207133164e-01	1.137890008145371196e-01
5.732503690046801057e+04	-1.644899089358112576e+00	1.112249220963068413e-01
5.732602413406591950e+04	-1.978422333531156596e+00	1.107006084648808203e-01
5.732791467010226188e+04	7.607735296603372888e-01	1.175730089868885359e-01
5.732892672839445731e+04	2.711844828316758438e+00	1.156818830083898714e-01
5.733014761128581449e+04	1.331465665933279752e+00	1.152235017673318707e-01
5.733089984056852700e+04	7.399997089121299609e-01	1.188721642852076377e-01
5.733196093302501686e+04	-2.723296713145550996e-01	1.123248312937786958e-01
5.733296084970870288e+04	-5.340427415544013456e-01	1.122576998299443934e-01
5.733409681480474683e+04	5.685068632710610359e-01	1.119832792678239070e-01
5.733490896242979943e+04	-4.842852690499199753e-02	1.193545096487881874e-01
5.734501944719991297e+04	1.474737633771340484e+00	1.129101929225829609e-01
5.734695019914199656e+04	1.065912696223728418e+00	1.151892195818450676e-01
5.734791556843950821e+04	-4.981190596307616403e-01	1.187494115665605338e-01
5.734997599724294560e+04	-4.977980654905991287e-01	1.130993301547511404e-01
5.735117235232754319e+04	-6.571376995441085000e-01	1.227052459494473724e-01
5.735307491231716995e+04	3.704208003315301312e-01	1.161815748858312930e-01
5.735491036255299696e+04	3.001967007990318237e+00	1.236248839769044094e-01
5.736092306400713278e+04	-2.785550185493974595e-01	1.222865931159018982e-01
5.736797031061255257e+04	-6.324940358257222783e-01	1.176256894279884557e-01
5.737199894209040212e+04	1.409775385006657444e+00	1.195043258403353376e-01
5.737910503113822779e+04	-2.398651086633151408e+00	1.199698136682173510e-01
5.737996942719434446e+04	-2.518877717938252658e-01	1.209713748537634831e-01
5.738097406124865665e+04	-6.849691983800383355e-01	1.205595755730903829e-01
5.738614630625353311e+04	-4.042904845012103010e-01	1.225909733269903018e-01
5.738694872872376436e+04	-2.952197938933096566e-01	1.220640536627576739e-01
5.738800573108796380e+04	-9.744697082886197848e-01	1.180982583825722493e-01
5.739108672644887702e+04	-1.618761453453405608e+00	1.187996259921652586e-01
5.739415124080735404e+04	-2.057145125272974440e-01	1.223926228901894425e-01
5.739493107354779204e+04	7.463691454745990939e-01	1.246057368475433219e-01
5.739607887145155837e+04	-1.036676458101975840e+00	1.186530456725765625e-01
5.739706415438615659e+04	-5.137896478037902170e-01	1.182510355725649026e-01
5.739810578269722464e+04	1.163799032424027047e+00	1.187897931274002894e-01
5.739906009629162145e+04	6.638147305773394180e-01	1.176454872991128525e-01
5.740593707657718187e+04	-1.054373465781150543e+00	1.254707147808357959e-01
5.740711138087360450e+04	-2.193254924034302888e+00	1.192864970751797565e-01
5.740817011640279816e+04	-2.120565616209518112e+00	1.235696722268031650e-01
5.741299663055427663e+04	2.541094921777052207e+00	1.195582339701473512e-01
5.741416605086105119e+04	-1.944456888546294948e+00	1.267979164908424050e-01
5.741799256408346992e+04	-5.062203745569249236e-02	1.191594318831334515e-01
5.741904987369654555e+04	5.985034857950246590e-01	1.178133303651747316e-01
5.742413049091137509e+04	8.733472714554508798e-01	1.208573053270014519e-01
5.742800451114343014e+04	7.794126652159150126e-02	1.253361808335938521e-01
5.742892523945621360e+04	1.621656559629252925e+00	1.334091276017361494e-01
5.743011207076595747e+04	1.742434761248640385e+00	1.205133222365275397e-01
5.743097354154312779e+04	3.827533383298238334e-01	1.194522080954765891e-01
5.743316270496119978e+04	-1.466032789788350499e+00	1.212272195983339212e-01
5.743402745144344954e+04	-3.333741021232192736e+00	1.177927436638914888e-01
5.743601480222826649e+04	-5.937711580583453497e-01	1.181126750193681185e-01
5.744008916997300548e+04	-4.009533284907043083e-01	1.183066046031159141e-01
5.744504099954455887e+04	-1.132753793062665437e+00	1.179724897438827885e-01
5.744591617324696563e+04	-2.963936707265830250e+00	1.262706067802238652e-01
5.744800385529352934e+04	-1.552456983606326446e+00	1.185948356372740348e-01
5.744899632747523719e+04	3.589594137263567575e-01	1.173143282486571320e-01
5.745103549944573024e+04	-4.323000363922524514e-01	1.330406752558150052e-01
5.745304763160986477e+04	1.370886315455241089e+00	1.201852708711702161e-01
5.745398585761812137e+04	-2.140094469799578292e-01	1.198278308588619084e-01
5.745509054588233994e+04	2.391681295285735587e+00	1.196996111620224346e-01
5.745592368632012949e+04	8.489504945793164836e-01	1.254461728114091013e-01
5.745699621605428547e+04	-3.120844702494210310e+00	1.189900515340225756e-01
5.745802519235028740e+04	-1.414950536710168905e+00	1.197003511752030014e-01
5.745902206285212742e+04	-1.435972125982260650e+00	1.183452335985499815e-01
5.746200396878796892e+04	-1.486932821037324715e+00	1.191729093612970830e-01
5.746320205369657924e+04	-1.053039433496394395e-02	1.260216266396280427e-01
5.746493027957682352e+04	-7.762576665373615015e-01	1.288284211800225787e-01
5.746995706212560617e+04	-1.115981916189451084e+00	1.242542586012637534e-01
5.747395297524705529e+04	-1.140419146757896129e+00	1.244743134088174968e-01
5.747488267371329130e+04	-2.376355472543991709e+00	1.314528953305115211e-01
5.747611970442417805e+04	-1.465223351424029374e+00	1.221643109522900922e-01
5.747689647744099057e+04	-8.034058327165105595e-01	1.298294113120040116e-01
5.748217096708052122e+04	3.923616940416536636e-01	1.217529793751327971e-01
5.748505026291837567e+04	-2.522581799022589166e+00	1.174835636635536140e-01
5.748612088859878713e+04	-2.022918936467377193e-01	1.187434986813035304e-01
5.748705030144679040e+04	9.310923842969778264e-01	1.177410997108401108e-01
5.748807654627154261e+04	2.287274743756597672e-01	1.174235106151042540e-01
5.748902045974098291e+04	1.617273210422357721e+00	1.183603630057640937e-01
5.748987418026379601e+04	5.214939852648292629e-01	1.276314653190126214e-01
5.749110286336443096e+04	3.306851301174708269e+00	1.182523047996884152e-01
5.749812560411560116e+04	4.304230400040118809e-01	1.189083884252577911e-01
5.750202758616731444e+04	3.983650460283563177e-01	1.184551869580687811e-01
5.750292689647042425e+04	1.095776558320338268e+00	1.234926051810267683e-01
5.750718162785549066e+04	-1.728187237462428527e-01	1.230885304244956763e-01
5.750802047395486443e+04	-3.733257624635619720e-01	1.189274020693285167e-01
5.750902094199061685e+04	-1.029965009550029009e+00	1.189991223060525849e-01
5.751010377570117271e+04	9.937062028871963548e-01	1.183328691162102292e-01
5.751194102935169940e+04	2.469059555366740710e+00	1.225450046885993016e-01
5.751285670481258421e+04	-8.959933599956535488e-01	1.306238315366677338e-01
5.752212781735960743e+04	6.292939044352898748e-01	1.240409679291490375e-01
5.752306670361200668e+04	1.524147564717850400e-01	1.218133626219361498e-01
5.752586391983911017e+04	3.839614302267513324e-01	1.308737085595329808e-01
5.752706403318127559e+04	1.401464563720740131e+00	1.232868453271156600e-01
5.752806301495146181e+04	1.277214633589768056e+00	1.227931486657489885e-01
5.752891144702566089e+04	9.501953021951088374e-01	1.271881863361558618e-01
5.753207976665233582e+04	1.162369749966050136e+00	1.227896991903588558e-01
5.753284654377615516e+04	1.278465088381626202e+00	1.336657956063339314e-01
5.753391784759531583e+04	-4.833517494931420799e-01	1.276519717756919026e-01
5.753488145590903150e+04	-9.393547613797821327e-01	1.289861560897813397e-01
5.753602114932166296e+04	-1.049973018295375482e+00	1.233725636183631152e-01
5.753714581971090229e+04	-1.017155149047574980e-01	1.248323119374103451e-01
5.754407358966911852e+04	1.146358531515510037e-01	1.236281706160819310e-01
5.754487218439547723e+04	-2.802793202318127896e-01	1.317852229688057653e-01
5.754595904663584224e+04	4.874225403569880655e-01	1.264639687044390726e-01
5.754701727574120741e+04	5.550158754788476756e-01	1.264178747013842141e-01
5.754822849380992557e+04	-5.464460983651164838e-01	1.325966589653077010e-01
5.754909622867717553e+04	-1.539418577477920991e+00	1.242116094159026879e-01
5.754994140885226807e+04	-1.785554600984085027e+00	1.276940860669382172e-01
5.755104363625435508e+04	-3.688944809918517365e-01	1.248960281995363103e-01
5.755202815382521658e+04	-7.130635221628516263e-01	1.258141392676745962e-01
5.755299955529756699e+04	1.049830098697071890e+00	1.256711004410903665e-01
5.755400356239650137e+04	2.404444327593317610e+00	1.251342083697788987e-01
5.755491395682939765e+04	5.357863792956543136e-01	1.290598256164347812e-01
5.755587727620040823e+04	1.052599778919290685e+00	1.319756983145034812e-01
5.755706548580297385e+04	1.412220507256719770e+00	1.248429161035064516e-01
5.755802393437797582e+04	-9.133137457358486699e-02	1.250065577795732297e-01
5.755991654791399924e+04	-7.317780575106276331e-01	1.308561605858809818e-01
5.756091147412321152e+04	5.656912716786877127e-01	1.395453483800445094e-01
5.756211001873706846e+04	4.689405304767255700e-01	1.332334616032961327e-01
5.756715466868032672e+04	-1.701247743569673787e-01	1.274336618153669443e-01
5.756812919920565037e+04	3.203654296062410367e-01	1.263847822960053879e-01
5.756925132112118445e+04	-9.929956977837441912e-01	1.379238839849977194e-01
5.757114246390038170e+04	1.812029960448466426e+00	1.274246824904327613e-01
5.757196904835025634e+04	1.583185008149740725e+00	1.283528343891713608e-01
5.757303913045299123e+04	1.054242996868268278e+00	1.264572727426927223e-01
5.757398506101049861e+04	6.895451681317013026e-01	1.271322592849981614e-01
5.757710565541387768e+04	1.050860787408822716e+00	1.263440775191076171e-01
5.757802457860420691e+04	-6.526199224992517145e-01	1.262642605499569581e-01
5.758207341696273215e+04	1.013449925987949030e+00	1.259421139634116782e-01
5.758290074503495271e+04	1.664026216868432329e+00	1.394473842406525055e-01
5.758505369772802806e+04	2.777924211693045820e+00	1.374263619332638520e-01
5.758619458747888712e+04	-9.251776802718971737e-01	1.453168506419035555e-01
5.758716493511012959e+04	6.020943128395117583e-02	1.285372304516196329e-01
5.758802168761626672e+04	3.212127069719272754e-02	1.275180626439797738e-01
5.758888113703740964e+04	-3.597387847961002194e-01	1.390549817535745858e-01
5.759106345508817321e+04	-1.178965387425005673e+00	1.479439089731565959e-01
5.759196758506730839e+04	-1.216301739425265538e+00	1.490743656081044144e-01
5.759304090815815289e+04	-1.214164233515564462e+00	1.337044354530119994e-01
5.759395444633371517e+04	5.517238643136792575e-01	1.373867595914958495e-01
5.759684970819564478e+04	-2.913312520577768794e-01	1.720116725264023427e-01
5.759790455097411905e+04	1.639575168515669645e+00	1.450553753151455350e-01
5.759885786198528513e+04	1.849422099758392335e+00	1.447877458776077597e-01
5.760010594305113773e+04	-1.604501608019255343e-01	1.384216416574406416e-01
5.760091518600507698e+04	-1.200723290832947043e+00	1.511002534222193050e-01
5.760204808159654931e+04	1.565650997288965840e+00	1.293963490453464982e-01
5.760293135218974203e+04	-2.363449815134082144e-01	1.317523285331518579e-01
5.760385330721769424e+04	-1.714953660296991700e-01	1.382034558446597894e-01
5.760500418120237009e+04	6.198726857466141382e-02	1.412139328691167373e-01
5.760685064644357044e+04	5.456325012004334951e-01	1.822418701845230082e-01
5.760784435736531304e+04	3.981471956130562262e-01	1.562695388542375274e-01
5.760899418960297771e+04	-4.222565784596774563e-01	1.310010865721875362e-01
5.761002709803861217e+04	-3.009819110197007319e-01	1.364303682513367810e-01
5.761397224106359499e+04	2.093045560525439441e-01	1.337354742215349779e-01
5.761488052381110174e+04	1.469992373159016097e+00	1.339214895757588064e-01
5.761700769548760582e+04	-1.675319157220496180e+00	1.270771110487419753e-01
5.761803083072757727e+04	-8.968059993251600304e-01	1.269085413499760617e-01
5.761910084565499710e+04	-2.756467861650655493e-01	1.252688010716593026e-01
5.762014512969579664e+04	-1.624799515782193282e+00	1.279861935156427766e-01
5.762101336721856205e+04	-1.830362638115385465e+00	1.271406425600251355e-01
5.762295897651654377e+04	-8.269430754840314535e-01	1.349785602402086837e-01
5.762399710704420431e+04	-9.699056518350843703e-01	1.333803203747517263e-01
5.762613711658005195e+04	3.916254437747994643e-01	1.269752844595468388e-01
5.762711244403936871e+04	1.743352245036867032e+00	1.263752187656434212e-01
5.762792555841694411e+04	5.335240290258589368e-01	1.626878554691943701e-01
5.763014019060130522e+04	2.107212834120808509e-01	1.523081471053811531e-01
5.763102223904115817e+04	-2.794901966696627937e-01	1.322717393494902416e-01
5.763422346636503062e+04	-1.117817792758742712e+00	1.379551796896679450e-01
5.763588511679249496e+04	8.604781219311199436e-01	1.369730997364411451e-01
5.763705418471936719e+04	1.178770363122488618e+00	1.276264407070205886e-01
5.763805222087709262e+04	5.265394373574174836e-01	1.269028297606749900e-01
5.763908896134346287e+04	-1.003261111641915448e+00	1.287672298193637821e-01
5.764012662455676764e+04	-2.073510265708286227e+00	1.300799307740825306e-01
5.764113491525562858e+04	-1.554352480658184987e+00	1.307435255801379370e-01
5.764215998658012541e+04	-1.586511664948162093e+00	1.301010791858107918e-01
5.764406767281886277e+04	-1.546669576583628469e+00	1.333126587695966092e-01
5.764516455296331696e+04	-2.177050993239387111e+00	1.336775095211081565e-01
5.764608565801179066e+04	-1.295757369327656505e+00	1.251758425645791706e-01
5.764714667590917088e+04	-1.590559116038395615e+00	1.272806068546487868e-01
5.764786274857041280e+04	-2.011385894327940349e+00	1.374604117930552094e-01
5.764905393577834184e+04	-1.494183471639189520e+00	1.257312301469065419e-01
5.765008464869584714e+04	3.558568700865372136e-01	1.260173899961452570e-01
5.765102943475004577e+04	1.439989110063432776e+00	1.260448690642736458e-01
5.765389978566686477e+04	8.986775692824942041e-01	1.337559536509927427e-01
5.765509361630025523e+04	6.516388909453496581e-02	1.253178624816488618e-01
5.765601933330369502e+04	-1.743881315365481299e+00	1.257019027704233682e-01
5.765695122422647546e+04	-1.222760344025257240e+00	1.281713379372209083e-01
5.765788263197246852e+04	-7.958988024123740956e-01	1.349446494540001429e-01
5.765889512496081443e+04	-3.170402797925095939e+00	1.335178847183191853e-01
5.766096116685865127e+04	-7.358558361505060930e-01	1.297613503793745571e-01
5.766397501984203700e+04	-9.592851229784393752e-01	1.258709197579105099e-01
5.766809669133147690e+04	7.110050859444143612e-01	1.281762239222671573e-01
5.767113183184869558e+04	1.527188193135486927e-01	1.284413130581618379e-01
5.767311278449150268e+04	-1.157688533683163712e+00	1.274040788405430835e-01
5.767516679496151482e+04	-2.206440303877396758e+00	1.316756582416867827e-01
5.767592402414281241e+04	-1.695782269171544954e+00	1.353252802879786887e-01
5.769096347315367166e+04	1.853656414007271991e+00	1.290670478371561125e-01
5.769988893022521370e+04	1.802869361749905863e-01	1.406421871940523316e-01
5.770093621725602861e+04	1.021427170447886112e-01	1.319690567167133011e-01
5.770214208906410931e+04	-7.696104176246691964e-01	1.324361225191043046e-01
5.770315391201513557e+04	-1.550200225121798780e+00	1.337057328670199496e-01
5.770408915387626621e+04	-6.662197822439814843e-01	1.289715476502062141e-01
5.770601144931394083e+04	3.238456508816192070e-01	1.286836310973450415e-01
5.770914054572659370e+04	9.156366757774492271e-01	1.351516073878133162e-01
5.771909878420423775e+04	-3.021051762409037167e-01	1.303532805868554689e-01
5.771999088318214490e+04	9.364075681321040179e-01	1.301740064133141972e-01
5.772306707531688153e+04	-1.880858365885593741e-01	1.298894328830847433e-01
5.772805388435740315e+04	-1.451744585353807793e+00	1.301178147902184723e-01
5.772904548832178261e+04	3.656413012843522381e-01	1.297218215208733316e-01
5.773105045942693687e+04	-6.414339923694392098e-01	1.298605593960147908e-01
5.773314386187310447e+04	-4.960497050017984577e-01	1.341628462858993343e-01
5.773400620847655955e+04	9.604578902177891564e-01	1.284363869247789058e-01
5.773600952689809492e+04	1.319268968334792902e+00	1.284355587417329858e-01
5.773697794537823938e+04	-3.564391882119046784e-01	1.218019399451447243e-01
5.773807017627986352e+04	3.199955885084619922e-01	1.267513719405384542e-01
5.773903011463936127e+04	-1.153703306981796572e+00	1.268637102316960419e-01
5.775005882862828730e+04	-8.660670647680959178e-01	1.411094978543327161e-01
5.775700438329733879e+04	1.142158208852279699e+00	1.288139848930388021e-01
5.775997528764689923e+04	2.750443263776887193e-01	1.349982990888485002e-01
5.776300933560136036e+04	-1.011274502224676297e+00	1.311889766530111578e-01
5.776408968651931355e+04	-4.645892292697446635e-01	1.299542165443100805e-01
5.776913625712603971e+04	3.186110947774416502e-01	1.352493281912483802e-01
5.777009135582054296e+04	9.121422152348763746e-01	1.320083698343585965e-01
5.777293055611798627e+04	-6.593564638208491147e-01	1.399017620397508266e-01
5.777394901874445350e+04	-1.140089237915667297e+00	1.387365755249237997e-01
5.777497904243520316e+04	1.513815562587872421e+00	1.330451979112994565e-01
5.777706281731610216e+04	8.959804743597068466e-01	1.306917759085962916e-01
5.777813123728211940e+04	1.994081818086243629e+00	1.328784700020863296e-01
5.777891405756099266e+04	2.711079392703695135e+00	1.407417783119061239e-01
5.778802617254096549e+04	6.371724797613751434e-01	1.311462046198685616e-01
5.778892426221027563e+04	1.558941444873358506e+00	1.386631507179365008e-01
5.778991683228460170e+04	-1.673484378960910846e+00	1.401013527017703764e-01
5.779095278108432831e+04	-1.261740194607568810e+00	1.349055528471261589e-01
5.779292761839699233e+04	-9.191616012551158121e-01	1.379370713384912017e-01
5.779390830304966948e+04	-1.409460396287798289e-01	1.420290306532599744e-01
5.780006344296762836e+04	1.427922807257857585e-01	1.293854932264308644e-01
5.780217658614294487e+04	-1.243761850163025429e-01	1.411597916381251705e-01
5.780507614031344565e+04	-2.224603841372214674e+00	1.299417718853219939e-01
5.780806787405959767e+04	-2.709324689719494472e-02	1.333644947454097618e-01
5.780995381871834252e+04	-5.132585192204111024e-01	1.379384387100330289e-01
5.781115524452966201e+04	7.620549067190793835e-01	1.358926946051516038e-01
5.781213806839407334e+04	7.035512255346176858e-01	1.347989165949559920e-01
5.781304378089933743e+04	-1.503519056578284108e-01	1.352705045720364041e-01
5.781397608129892615e+04	-1.921841840160681159e+00	1.343688581330103604e-01
5.781497422163018928e+04	-1.306466573848243939e+00	1.395237697045970948e-01
5.781608449202714837e+04	-1.461760597067719658e+00	1.340202695440110836e-01
5.781700966368814989e+04	-1.228967748442649111e+00	1.346648961248833321e-01
5.782005879948742950e+04	-1.651916809571627454e+00	1.367599704394596438e-01
5.782094744623149018e+04	-7.735489730789950613e-01	1.549561577585411576e-01
5.782188723713688523e+04	-6.186316741097783733e-01	1.679892338645328775e-01
5.782514033768785157e+04	3.611711809855329136e-01	1.370641268032964377e-01
5.782597839734247100e+04	-4.121223799797100185e-01	1.354004072280786397e-01
5.782900293020263780e+04	-7.663614282090414065e-01	1.389203146487157925e-01
5.783604429138623527e+04	2.940151297765751792e-01	1.312983306556292362e-01
5.783709451088165224e+04	-6.452431992462379640e-01	1.312443883745390838e-01
5.784007879471089109e+04	6.341906643441319602e-02	1.319932617229137850e-01
5.784096309641345579e+04	-9.310599077916315025e-01	1.343999410393718619e-01
5.784507401843608386e+04	-9.215143166565518129e-01	1.337845105979256488e-01
5.784596712586918147e+04	-5.891142930754043050e-01	1.354634787106860083e-01
5.784686326089099020e+04	-2.742342933627391233e+00	1.456080693709764506e-01
5.784812825979183253e+04	-2.543516979524298449e+00	1.326657248815817647e-01
5.784904649030935252e+04	-3.075493821480144163e-01	1.319026153386199662e-01
5.784989198031750129e+04	-8.605601009572545479e-01	1.368070473074226578e-01
5.785106828216116264e+04	-1.356289313766627203e+00	1.295695479125674454e-01
5.785190580795949063e+04	-1.520101518019700393e+00	1.346234346814439709e-01
5.785305033214913419e+04	-6.916434651593235117e-01	1.301056052760402870e-01
5.785589736191210250e+04	-7.589766802071196139e-01	1.400592490098979404e-01
5.785703197202116280e+04	1.052257175911663012e+00	1.260970151394173178e-01
5.786004504380821891e+04	6.147347148933377525e-01	1.342600389782107884e-01
5.786098986210121075e+04	-9.208486437206886421e-02	1.382874028078506512e-01
5.786196940857401205e+04	-1.583151537613186832e+00	1.236821760060174830e-01
5.786284707662161236e+04	-1.778672598782335967e-01	1.370304010575564835e-01
5.786510376951314538e+04	8.163013310170939008e-01	1.231879431437594014e-01
5.786600600285922701e+04	9.494500940053214322e-01	1.232047342333529721e-01
5.786701583195257990e+04	-3.057778054005666490e-02	1.226323516248182949e-01
5.786796154229143576e+04	2.429491973567376562e+00	1.241027306843296846e-01
5.787486559782475524e+04	1.225092197095712265e+00	1.346784717525435215e-01
5.787586296091316763e+04	1.113545591011206426e+00	1.343715486890607880e-01
5.787906093803044496e+04	1.244098939988063535e+00	1.236115709197886520e-01
5.788096916964261618e+04	1.090278991347393145e+00	1.242206166556594077e-01
5.788710114679319668e+04	3.910181566192072466e-01	1.238986927625328888e-01
5.789213433571685164e+04	-8.814066376314144691e-02	1.248777612656888913e-01
5.789508494481393427e+04	7.174820233896745947e-01	1.238152265582360134e-01
5.789609687557845609e+04	8.411082339639008865e-01	1.243292385568956632e-01
5.789786975373266614e+04	6.378671614075202001e-01	1.339431878425089983e-01
5.789914696685454692e+04	-1.308067500377205761e-01	1.253958582460175109e-01
5.789987678014318954e+04	-6.114877786884527211e-01	1.326362858715591231e-01
5.790188797094691836e+04	-2.349789640625488119e-02	1.315502716132779804e-01
5.790286238781029533e+04	2.086048006961242152e+00	1.340951766194398709e-01
5.790509026045659994e+04	1.504933720893749438e+00	1.239925148270344946e-01
5.790611758595244464e+04	5.143506573461920084e-01	1.244606828402381044e-01
5.791303726735641976e+04	-3.367966986530745999e-02	1.240659668857303083e-01
5.791701506907041767e+04	-4.684291349222107215e-01	1.249778550109416214e-01
5.791788348280022910e+04	5.698694656003056025e-01	1.327085214202059493e-01
5.792015776820814062e+04	3.641634243908846713e-01	1.266557311401050878e-01
5.792088053501294053e+04	9.388708577126081423e-01	1.335456489346300568e-01
5.792311779988094349e+04	1.783301515532585313e+00	1.247171805668206707e-01
5.792502312010402238e+04	4.252584203467790758e-02	1.246408970078805162e-01
5.792597680593211408e+04	1.233525098475947601e+00	1.293891551512856841e-01
5.792702269402758975e+04	-9.639129601722196128e-01	1.493852529678668384e-01
5.793090886714436783e+04	1.006471891481826475e+00	1.475840199658743079e-01
5.793312230700624787e+04	9.512002823394993811e-02	1.307395362905099667e-01
5.793404583298163197e+04	-2.891907861523677070e-01	1.272678156709263764e-01
5.793607847822301846e+04	2.127996156750107559e+00	1.271909431227178644e-01
5.793703376391971688e+04	1.605620058492114310e-01	1.277637996673867682e-01
5.793810649623571226e+04	1.053666466826008730e+00	1.277032675041306908e-01
5.793889684273618332e+04	1.270698584268323827e+00	1.343770802972141798e-01
5.794012292767063627e+04	2.671349728107550447e-01	1.290862785375455069e-01
5.794492859977798071e+04	2.580697857942425344e+00	1.308517023954704761e-01
5.794803614624623879e+04	6.090067529565281745e-01	1.278188556193797509e-01
5.794986811578823108e+04	-3.776262194741484279e-01	1.799302984873609457e-01
5.795305489056517399e+04	8.552141789166896046e-01	1.342904711965120790e-01
5.795393294025099021e+04	-1.011804176762325369e-01	1.306754713932310741e-01
5.795499742931004585e+04	4.769234260024468597e-01	1.292982672370777408e-01
5.795604107060181559e+04	-2.056103329790168743e-01	1.286388772318028673e-01
5.795700924723033677e+04	-1.024958144880031341e+00	1.301123219542676679e-01
5.795795995946624316e+04	9.791637312143102179e-01	1.297164693347130360e-01
5.795896537735006859e+04	4.797787515290039551e-01	1.393288219335779843e-01
5.796200532161736191e+04	4.881673793312408804e-01	1.440705869103497960e-01
5.796304260532534681e+04	-7.195344569222115183e-01	1.406404625362837335e-01
5.796384847913778503e+04	-1.196750174453843130e+00	1.829917931894780025e-01
5.796487303088443150e+04	3.966192294773875915e-01	1.469887852069351464e-01
5.796585511649785622e+04	-5.287953556221687279e-01	1.398302353407413212e-01
5.796694812909369648e+04	-1.139700697972060084e+00	1.285307888710746638e-01
5.796800410095298139e+04	1.987236211096465865e-01	1.306685743653947795e-01
5.796894704362611083e+04	1.446766293990936703e+00	1.285051445262296865e-01
5.797005673098039551e+04	1.483893966518380125e+00	1.280119688438943470e-01
5.797107599841088086e+04	1.437239973428656725e+00	1.274969641851542435e-01
5.797200904346943571e+04	5.830810190383566294e-01	1.311134215107097323e-01
5.797484917074124678e+04	-8.191655103483448386e-01	1.817684474060562438e-01
5.797807304571271379e+04	4.218522561280870775e-01	1.375563724116651010e-01
5.797988440437275131e+04	-3.995418114927353770e-01	1.366565301632609586e-01
5.798412176827678195e+04	2.683922774707347969e-01	1.392563118818604395e-01
5.798487884292681701e+04	1.044950926074665887e+00	1.384675526907671317e-01
5.798606399943599536e+04	1.640024710599732316e-01	1.530763701775888774e-01
5.798692158784053754e+04	5.499647742934286043e-01	1.910211300145412405e-01
5.798901845301394496e+04	-1.030457189781294858e+00	1.521731311964689137e-01
5.799100892673392082e+04	-2.095095642715349982e-01	1.631243673383055981e-01
5.799200585464394680e+04	-8.979673985646563494e-01	1.568932296367862023e-01
5.799389315152880590e+04	-7.715545651767001800e-01	1.469866442415352914e-01
5.799512340108292847e+04	-1.983570276969917501e+00	1.338245089945524213e-01
5.799699984900544951e+04	-3.645091459404063983e-01	1.330756376712644851e-01
5.799997463470458024e+04	2.486408341858266979e+00	1.324651833401798984e-01
5.800191808355425019e+04	5.503497627039095619e-01	1.515267210378275220e-01
5.800287182935361488e+04	-2.475035028346646016e-01	1.392199139103058592e-01
5.800508065038253699e+04	-1.675053140872655888e+00	1.443987257636001054e-01
5.800598838651636470e+04	-3.292008653635154047e+00	1.438827970200503847e-01
5.800810831114782923e+04	-5.306960340028226142e-01	1.329697365301743817e-01
5.801310458372735593e+04	1.916625096735202760e-01	1.386338982711713130e-01
5.801499921115241887e+04	1.772123308068422887e-01	1.649588185574492327e-01
5.801695314250135561e+04	-4.383033698396410216e-01	1.589754548134053869e-01
5.801790709382812929e+04	-1.014512545101236896e+00	1.301438404118374081e-01
5.801887257521833817e+04	5.084846895911141473e-01	1.360242497943364437e-01
5.802387091736177535e+04	-1.082521174051880308e+00	1.412085311932269605e-01
5.802712266330412967e+04	1.974107842216589859e+00	1.287971510573691913e-01
5.802789690835672081e+04	1.370157289798243028e+00	1.332302009119288033e-01
5.802906923905935400e+04	7.408025836111420404e-01	1.267680619850988233e-01
5.803000061945877678e+04	-2.003432509820868290e-02	1.558475870264064145e-01
5.803100102827463706e+04	-1.043518060617643073e+00	1.554563592452080922e-01
5.803196327234658384e+04	-1.794046913202095084e+00	1.564323122688643652e-01
5.803318213040917908e+04	-2.524063876978978271e+00	1.419764772634019845e-01
5.803387967820305494e+04	2.907275642411022432e-01	1.350689208283592235e-01
5.803486969439618406e+04	9.274810434952556193e-01	1.391936118922223742e-01
5.803698617072702473e+04	4.067520475955674897e-01	1.574571083076453659e-01
5.803792937381575030e+04	9.035463388161950604e-01	1.598425371910031367e-01
5.804407253705216135e+04	2.241489599883976780e-01	1.732732749217785750e-01
5.804597763431921339e+04	-1.211265276391472412e+00	1.649458344029439139e-01
5.804701767838619708e+04	-1.125282973111445983e+00	1.631000315826504898e-01
5.805196149708291341e+04	-1.487428984361294226e-01	1.704103657817148398e-01
5.805700292162036931e+04	-3.553330243989343273e-01	1.651376980102452208e-01
5.805814940696267149e+04	-8.519752294214306687e-01	1.681179624904509673e-01
5.806010473496841587e+04	-1.034456671493966695e+00	1.665949259370183566e-01
5.806093500006942486e+04	-6.228823596296031440e-01	1.681136047569381786e-01
5.806812153855273937e+04	-1.288740169890491671e+00	1.601493491115734136e-01
5.813713556013906054e+04	1.437245806254068725e+00	1.100952895438983004e-01
5.816417043294863106e+04	1.569142030850464664e+00	1.951902674448409147e-01
5.816514688102939544e+04	-1.893266815045642204e-01	1.927519221705764341e-01
5.817104123197635636e+04	-1.343149688364626115e+00	1.316799500933747702e-01
5.817192225493733713e+04	-4.314240281937742338e-01	1.382087774669230329e-01
5.817894650722530787e+04	-2.256944453882994139e-01	1.342069020384914768e-01
5.818310274107517762e+04	4.674864608044764225e-01	1.319664835724469187e-01
5.818598675838331837e+04	3.356853033733813163e-01	1.325006401457852756e-01
5.818790273916888691e+04	-1.267322920354590821e+00	1.386795289718568691e-01
5.819001722713754134e+04	6.892086121311820079e-01	1.315542457932495080e-01
5.819087691948243446e+04	8.842556165696286996e-01	1.442859604459612866e-01
5.819318007645104808e+04	2.706973091758513306e-01	1.384720720654393500e-01
5.819497290362166677e+04	-8.740302615423090060e-01	1.333844309563172736e-01
5.819594082015599997e+04	-1.003154171398396244e+00	1.345342727779831882e-01
5.819821083112875203e+04	-8.748481945672281768e-01	1.408479994918500344e-01
5.819991621487624070e+04	-1.311655660237459387e+00	1.358474765675614093e-01
5.820119434392870608e+04	3.019634593456501648e-01	1.384817256913380423e-01
5.820699058631485968e+04	-1.456146207115128988e+00	1.979434601624542045e-01
5.820887948414850689e+04	1.782847414311277134e-01	1.421582226061677834e-01
5.821099344881344587e+04	-1.902114774569696465e-01	1.328676134579196977e-01
5.821393219517875696e+04	1.515452722551415832e-01	1.410686166489824866e-01
5.821507141857135139e+04	5.376688812222347735e-01	1.383541691485167813e-01
5.821693356959568337e+04	-6.432033540812298611e-02	1.417169920660296956e-01
5.821787582847628801e+04	-9.838826675750702577e-01	1.494992625568079547e-01
5.821905452689331287e+04	-6.156865061803742378e-01	1.380862535691182169e-01
5.822010736412060942e+04	-1.362598805626461740e+00	1.397409121109508823e-01
5.822113079341305274e+04	-2.022606933816224029e+00	1.411524094680126351e-01
5.822299637705719942e+04	1.793864881108930831e-01	1.389224029911295399e-01
5.822409910260100150e+04	-1.343636345534484633e+00	1.395978720554808261e-01
5.822504520864300866e+04	2.063698485786140679e-01	1.390343656797453364e-01
5.822707822482920892e+04	1.046484338587156060e+00	1.394956337653764089e-01
5.823305634534436103e+04	-1.687074311346126620e+00	1.392951280504879374e-01
5.823399857410270488e+04	3.672035534365214460e-01	1.391392038974077205e-01
5.823490558656115172e+04	2.440223683572497748e-01	1.445566598328721364e-01
5.823694609524506814e+04	-7.162040977361456839e-01	1.400802043265225449e-01
5.823805601080522320e+04	5.320403397159303438e-01	1.387170574659776501e-01
5.823907104207040538e+04	-2.251728804451644805e-01	1.398791287246789750e-01
5.824200286392862472e+04	-7.686997679571980768e-01	1.402655986052029347e-01
5.824301855278470612e+04	-3.101880882559377994e-01	1.393556256910595537e-01
5.824592905966512626e+04	-1.394390931883947360e+00	1.426517759163878074e-01
5.824705303038441343e+04	1.207661369721613198e-01	1.398495635609028065e-01
5.824811403371203778e+04	6.264592424851613828e-01	1.395602289194691481e-01
5.824898641924573167e+04	9.967180843422482894e-01	1.386586084394097751e-01
5.825188581712599262e+04	1.197788254447083034e+00	1.447559649097975576e-01
5.825302387643499242e+04	-1.378503124093199972e-02	1.396970520638885771e-01
5.825510544721495535e+04	5.617149420111182678e-01	1.405689805965413264e-01
5.825612456021997059e+04	1.727366125345746184e-01	1.408436498553784222e-01
5.825688248817014392e+04	5.257303525169731984e-02	1.477169373705500832e-01
5.825810658321873052e+04	6.893849218000198675e-01	1.401849773643312480e-01
5.825888484793445241e+04	-1.726161191579258514e-01	1.495700662293885375e-01
5.825988698116596788e+04	-4.226014027069169288e-02	1.472556650176989890e-01
5.826687342751499818e+04	1.549722850656923612e+00	1.485104989674934373e-01
5.826814811027782707e+04	5.887143731126407431e-01	1.422716791291007421e-01
5.827001488482520654e+04	-2.646586066313538765e-01	1.400073311914529772e-01
5.827110663969261805e+04	6.725209207741542627e-01	1.411616265315187857e-01
5.827184137640391418e+04	-7.881326381542947956e-01	1.552312097389915158e-01
5.827285631984813517e+04	-6.424217389803033029e-03	1.506317953297264256e-01
5.827410119866322930e+04	-3.535497883552629617e-01	1.402631690390174490e-01
5.827509998600851395e+04	-1.462906998094872790e-01	1.406593107999423997e-01
5.827613000469705003e+04	-2.658088572087109469e-01	1.409201355721138860e-01
5.827696592961745046e+04	-5.291204268148845813e-01	1.394422886919987337e-01
5.828322397996400105e+04	1.176702645269138259e+00	1.506365104394874754e-01
5.828512078549541911e+04	4.138021550794022119e-01	1.419527962529493759e-01
5.828696884103813500e+04	2.591420244964446340e-01	1.401086517928352426e-01
5.828912543535865552e+04	-4.146254756443070733e-01	1.426487701290756749e-01
5.829002051496940840e+04	-6.590287473831111242e-01	1.401322058512524393e-01
5.829098511244853580e+04	1.785309087716413501e-01	1.401668601084737897e-01
5.829207795070838620e+04	3.452778173757238278e-01	1.407355682494077775e-01
5.829313908436211932e+04	-5.088096145332663411e-01	1.414975830857696237e-01
5.829413378038530936e+04	7.333329216230595193e-01	1.416731223402695750e-01
5.829796782897082448e+04	-1.641345589019884699e-01	1.398110735162512719e-01
5.830010058163906797e+04	-8.795587491951515346e-01	1.407438793477111816e-01
5.830387574614842742e+04	-1.066610387460901421e+00	1.903071919949436974e-01
5.830512216345397610e+04	7.889464829981598371e-01	1.674295586454807860e-01
5.830620730980112421e+04	4.950701995568742575e-01	1.466808016376947299e-01
5.830689431039030023e+04	1.821997167103297954e+00	1.464183353584181391e-01
5.831311992467886739e+04	-9.538562251121618374e-02	1.466799363479786289e-01
5.831386587794029037e+04	-1.185271771470688407e-01	1.565805546994624708e-01
5.831509207824336772e+04	-1.296433692546205663e+00	1.461341740550118617e-01
5.831591425744770095e+04	-1.907496455374445787e+00	1.502498543439332312e-01
