BJD	Res	err
5.722218249587630999e+04	-7.724917688811672178e-05	7.505553499465134710e-04
5.722391687116972753e+04	-2.540575741037720547e-03	6.928203230275508046e-04
5.723295181496451551e+04	-2.067225719379450766e-03	6.928203230275508046e-04
5.723413024166393006e+04	-9.327496024349457571e-04	6.928203230275508046e-04
5.723496810407444718e+04	5.089282457841903806e-04	6.928203230275508046e-04
5.723608891514118295e+04	-1.099852794190780969e-04	6.350852961085883550e-04
5.723785161063043779e+04	-4.354743562180907190e-03	7.895146188218008258e-04
5.723907750609017239e+04	-2.671081520295714995e-04	6.928203230275508046e-04
5.723992076011531753e+04	6.325244794211926092e-04	6.928203230275508046e-04
5.724196113980243535e+04	-1.046996173531766772e-03	6.928203230275508046e-04
5.725198008409460454e+04	-8.808474597028492781e-04	6.928203230275508046e-04
5.725287920852556999e+04	-7.813727052683461238e-04	7.505553499465134710e-04
5.725392418441180052e+04	-2.364516479381073566e-03	7.318166133366715322e-04
5.725511323002979771e+04	-1.172554696671213037e-03	6.928203230275508046e-04
5.725588684520369861e+04	-6.570969396593184797e-04	7.505553499465134710e-04
5.725914204134904867e+04	-4.319441248412658751e-05	6.928203230275508046e-04
5.726113331115732581e+04	9.791479886782639142e-04	6.928203230275508046e-04
5.726193471214175224e+04	-8.150848877654937041e-04	6.928203230275508046e-04
5.726316294601008121e+04	-1.919505613565242186e-03	6.928203230275508046e-04
5.726397461389168893e+04	-9.806773636711341169e-05	6.928203230275508046e-04
5.726505711788827466e+04	-8.156657628095587143e-04	6.928203230275508046e-04
5.726613164115887048e+04	-7.410883042302529589e-04	6.928203230275508046e-04
5.726691520497083548e+04	-9.359483114073086085e-04	7.505553499465134710e-04
5.726786173013692314e+04	-5.755696049343228538e-04	7.895146188218008258e-04
5.726899904854912165e+04	1.446637615813983757e-04	6.928203230275508046e-04
5.727003197692429239e+04	-9.106171264150475508e-04	6.928203230275508046e-04
5.727108115630353859e+04	2.680623785460412023e-04	6.928203230275508046e-04
5.727293564436733868e+04	-2.393393096083329397e-03	7.505553499465134710e-04
5.727404854122327379e+04	-5.028687488728422750e-05	7.125852775477316053e-04
5.727512443259388965e+04	2.760795678362626404e-04	6.928203230275508046e-04
5.727799895966020995e+04	5.006222939005766648e-04	6.928203230275508046e-04
5.727914781264035992e+04	-1.779271591879627579e-03	7.505553499465134710e-04
5.728009598712627485e+04	-1.661042938287948800e-03	6.928203230275508046e-04
5.728094982365499891e+04	-2.632566815121251125e-03	7.505553499465134710e-04
5.728206901844918320e+04	1.119871071012745745e-03	6.928203230275508046e-04
5.728313381301489426e+04	-1.083178674717188983e-03	6.928203230275508046e-04
5.729290288893938850e+04	-1.765299113124285668e-03	7.505553499465134710e-04
5.729399593177351926e+04	1.654612721451620416e-03	6.928203230275508046e-04
5.729486595496555674e+04	-6.063888000760186969e-04	8.082903768654760290e-04
5.730110538716134761e+04	-2.034345585982144655e-03	8.660254037844385870e-04
5.730200421928437572e+04	5.507061372345134487e-04	6.928203230275508046e-04
5.730292134819882631e+04	-1.587336172743647467e-03	7.505553499465134710e-04
5.730411825520274579e+04	-2.189654407715124762e-03	7.318166133366715322e-04
5.730694149808207294e+04	-8.908732797507923351e-05	7.505553499465134710e-04
5.730803354676790332e+04	-1.581778770336050854e-03	6.928203230275508046e-04
5.732195510678999563e+04	6.782376570590997744e-04	6.928203230275508046e-04
5.732393824093314470e+04	-1.637034190152597546e-03	6.928203230275508046e-04
5.732503690046801057e+04	-9.758278140576948090e-04	6.928203230275508046e-04
5.732602413406591950e+04	-5.385690283992161653e-04	6.928203230275508046e-04
5.732791467010226188e+04	-1.696595206276185763e-03	7.125852775477316053e-04
5.732892672839445731e+04	2.519997354513137111e-04	6.928203230275508046e-04
5.733014761128581449e+04	-4.363471583328504266e-04	6.928203230275508046e-04
5.733089984056852700e+04	-1.905772150659679198e-03	7.505553499465134710e-04
5.733196093302501686e+04	-2.292071139000206870e-03	6.928203230275508046e-04
5.733296084970870288e+04	2.807741230999027948e-04	6.928203230275508046e-04
5.733409681480474683e+04	5.722894045341320179e-04	6.928203230275508046e-04
5.733490896242979943e+04	-1.507635197051548914e-03	7.505553499465134710e-04
5.734501944719991297e+04	-1.000151416680417071e-03	6.928203230275508046e-04
5.734695019914199656e+04	-5.565072425577355375e-04	6.928203230275508046e-04
5.734791556843950821e+04	-6.859200991113922896e-04	7.125852775477316053e-04
5.734997599724294560e+04	7.626726490883584120e-05	6.928203230275508046e-04
5.735117235232754319e+04	-1.237667164323497104e-03	7.505553499465134710e-04
5.735307491231716995e+04	4.089683407215716215e-05	6.928203230275508046e-04
5.735491036255299696e+04	-2.293682217819004165e-03	7.702813338860895051e-04
5.736092306400713278e+04	-1.739895214823761194e-03	7.505553499465134710e-04
5.736797031061255257e+04	2.066716302273619021e-04	6.928203230275508046e-04
5.737199894209040212e+04	-5.268551343799998676e-04	7.125852775477316053e-04
5.737910503113822779e+04	-1.295070892507688143e-03	7.505553499465134710e-04
5.737996942719434446e+04	3.224260468943640490e-04	7.505553499465134710e-04
5.738097406124865665e+04	-1.690219216854416118e-05	7.505553499465134710e-04
5.738614630625353311e+04	-3.543273539357016944e-04	7.505553499465134710e-04
5.738694872872376436e+04	2.062007044534297506e-04	7.505553499465134710e-04
5.738800573108796380e+04	-1.484512853036967783e-03	7.505553499465134710e-04
5.739108672644887702e+04	-1.286590199805814905e-03	7.505553499465134710e-04
5.739415124080735404e+04	-3.515076984106357827e-04	7.505553499465134710e-04
5.739493107354779204e+04	-1.386164901314934639e-03	7.702813338860895051e-04
5.739607887145155837e+04	4.030563704491285648e-04	6.928203230275508046e-04
5.739706415438615659e+04	-6.078591668829957939e-04	6.928203230275508046e-04
5.739810578269722464e+04	-1.256766911863493874e-03	7.505553499465134710e-04
5.739906009629162145e+04	-4.889365429585623701e-04	6.928203230275508046e-04
5.740593707657718187e+04	-1.552018026427681718e-03	8.082903768654760290e-04
5.740711138087360450e+04	-2.490218174076019864e-04	7.505553499465134710e-04
5.740817011640279816e+04	-5.343748471631215580e-05	7.895146188218008258e-04
5.741299663055427663e+04	-5.548361994289763288e-05	7.505553499465134710e-04
5.741416605086105119e+04	-1.186946705589164708e-03	8.082903768654760290e-04
5.741799256408346992e+04	9.941619872435580874e-04	7.505553499465134710e-04
5.741904987369654555e+04	-2.839498917779792464e-03	7.505553499465134710e-04
5.742413049091137509e+04	5.231885414689330105e-04	7.505553499465134710e-04
5.742800451114343014e+04	3.170744438119044162e-04	7.702813338860895051e-04
5.742892523945621360e+04	-1.984312132090160219e-03	8.660254037844385870e-04
5.743011207076595747e+04	-9.894876487770432050e-05	7.505553499465134710e-04
5.743097354154312779e+04	-1.503676539528875367e-03	7.505553499465134710e-04
5.743316270496119978e+04	1.268898666983986345e-04	7.505553499465134710e-04
5.743402745144344954e+04	5.558098765510166572e-04	7.505553499465134710e-04
5.743601480222826649e+04	-1.820579077482342711e-03	7.505553499465134710e-04
5.744008916997300548e+04	-4.941211001021628135e-04	7.505553499465134710e-04
5.744504099954455887e+04	2.144672897808064249e-04	7.505553499465134710e-04
5.744591617324696563e+04	-1.663234731117846366e-03	8.082903768654760290e-04
5.744800385529352934e+04	-7.116717943587147488e-04	7.505553499465134710e-04
5.744899632747523719e+04	-1.199509994399328150e-03	7.505553499465134710e-04
5.745103549944573024e+04	-5.804936031328367108e-05	8.660254037844385870e-04
5.745304763160986477e+04	-2.547254224811723589e-04	7.505553499465134710e-04
5.745398585761812137e+04	-4.792282952372772797e-04	7.505553499465134710e-04
5.745509054588233994e+04	-8.645057778196019171e-04	7.505553499465134710e-04
5.745592368632012949e+04	-7.247683158935203096e-04	8.082903768654760290e-04
5.745699621605428547e+04	-2.278180434863941173e-03	7.505553499465134710e-04
5.745802519235028740e+04	1.527914646333172755e-04	7.505553499465134710e-04
5.745902206285212742e+04	6.691348200709157368e-04	7.505553499465134710e-04
5.746200396878796892e+04	-7.962039133566634064e-04	7.505553499465134710e-04
5.746320205369657924e+04	-1.458750255157070796e-03	8.279828232249480642e-04
5.746493027957682352e+04	-4.191667362345441461e-04	8.660254037844385870e-04
5.746995706212560617e+04	-8.274563896444320221e-04	8.082903768654760290e-04
5.747395297524705529e+04	4.828662845222098099e-04	8.082903768654760290e-04
5.747488267371329130e+04	-1.867951561011160777e-03	8.660254037844385870e-04
5.747611970442417805e+04	2.853662158912584346e-04	8.082903768654760290e-04
5.747689647744099057e+04	-1.432786529118601493e-03	8.660254037844385870e-04
5.748217096708052122e+04	-5.727857788020429552e-04	7.702813338860895051e-04
5.748505026291837567e+04	-2.505885338270452678e-03	7.505553499465134710e-04
5.748612088859878713e+04	-9.033951850447863308e-04	7.505553499465134710e-04
5.748705030144679040e+04	1.470228602755696556e-04	7.505553499465134710e-04
5.748807654627154261e+04	-8.445804429264569535e-04	7.505553499465134710e-04
5.748902045974098291e+04	3.113156046135046040e-04	7.505553499465134710e-04
5.748987418026379601e+04	-2.410184990059960342e-03	8.082903768654760290e-04
5.749110286336443096e+04	-2.107121027439262662e-04	7.505553499465134710e-04
5.749812560411560116e+04	-7.871567607597995675e-04	7.505553499465134710e-04
5.750202758616731444e+04	-7.229051372910078044e-04	7.505553499465134710e-04
5.750292689647042425e+04	-2.235758332444603980e-03	8.082903768654760290e-04
5.750718162785549066e+04	-5.686835759304287308e-04	7.895146188218008258e-04
5.750802047395486443e+04	-8.820246948113563690e-04	7.505553499465134710e-04
5.750902094199061685e+04	2.771818333187070493e-04	7.505553499465134710e-04
5.751010377570117271e+04	-7.608214099263932439e-04	7.505553499465134710e-04
5.751194102935169940e+04	-3.279196157679464818e-04	7.505553499465134710e-04
5.751285670481258421e+04	-1.898671741757063103e-03	8.660254037844385870e-04
5.752212781735960743e+04	-9.998177058951895901e-04	7.895146188218008258e-04
5.752306670361200668e+04	1.900294388512691057e-06	7.505553499465134710e-04
5.752586391983911017e+04	-1.249725560916736811e-03	8.660254037844385870e-04
5.752706403318127559e+04	-2.789397832341222738e-04	7.702813338860895051e-04
5.752806301495146181e+04	-2.155646739018912683e-03	7.505553499465134710e-04
5.752891144702566089e+04	-1.816603355084822624e-04	8.082903768654760290e-04
5.753207976665233582e+04	1.914218664479605536e-03	7.505553499465134710e-04
5.753284654377615516e+04	-3.629975742860835908e-03	8.660254037844385870e-04
5.753391784759531583e+04	-1.017058140459603521e-03	8.082903768654760290e-04
5.753488145590903150e+04	-1.819183570296978303e-03	8.472176684759222297e-04
5.753602114932166296e+04	1.330232194150404723e-03	7.895146188218008258e-04
5.753714581971090229e+04	-2.041937793611836582e-03	8.082903768654760290e-04
5.754407358966911852e+04	4.037777991854341053e-04	7.505553499465134710e-04
5.754487218439547723e+04	-1.776383656059365990e-03	8.660254037844385870e-04
5.754595904663584224e+04	-1.877973769265572912e-03	8.082903768654760290e-04
5.754701727574120741e+04	1.906385940442234528e-04	8.082903768654760290e-04
5.754822849380992557e+04	-2.469031908471919223e-04	8.660254037844385870e-04
5.754909622867717553e+04	-9.227574097172563938e-04	8.082903768654760290e-04
5.754994140885226807e+04	-1.094048760894139605e-03	8.082903768654760290e-04
5.755104363625435508e+04	-2.431542556607269034e-03	8.082903768654760290e-04
5.755202815382521658e+04	1.217591458385847147e-03	8.082903768654760290e-04
5.755299955529756699e+04	-1.236914017487933393e-03	8.082903768654760290e-04
5.755400356239650137e+04	-1.125315146632388519e-03	8.082903768654760290e-04
5.755491395682939765e+04	-1.332879228225891666e-03	8.082903768654760290e-04
5.755587727620040823e+04	-1.605567676017827239e-03	8.472176684759222297e-04
5.755706548580297385e+04	-1.217406739171700281e-03	7.895146188218008258e-04
5.755802393437797582e+04	1.319833506239653786e-03	7.505553499465134710e-04
5.755991654791399924e+04	-8.571288315906144817e-04	8.279828232249480642e-04
5.756091147412321152e+04	-2.458706914647557085e-03	9.237604307034012535e-04
5.756211001873706846e+04	-8.122272577475442290e-04	8.660254037844385870e-04
5.756715466868032672e+04	-7.151868231831670641e-04	8.082903768654760290e-04
5.756812919920565037e+04	-8.066759855127614287e-04	8.082903768654760290e-04
5.756925132112118445e+04	-1.304921066942021923e-03	9.237604307034012535e-04
5.757114246390038170e+04	9.951930774763084742e-04	8.082903768654760290e-04
5.757196904835025634e+04	-2.875779947751233578e-03	8.082903768654760290e-04
5.757303913045299123e+04	-1.047089020209668320e-03	8.082903768654760290e-04
5.757398506101049861e+04	-1.647457841664312639e-03	8.082903768654760290e-04
5.757710565541387768e+04	3.292719211875905216e-04	8.082903768654760290e-04
5.757802457860420691e+04	-1.438272978611543351e-03	8.082903768654760290e-04
5.758207341696273215e+04	-1.101746920501689431e-03	7.895146188218008258e-04
5.758290074503495271e+04	-4.300163255175348809e-04	8.856886837057615291e-04
5.758505369772802806e+04	8.061613997796257536e-04	8.660254037844385870e-04
5.758619458747888712e+04	-4.140942037700767742e-03	9.814954576223638115e-04
5.758716493511012959e+04	2.727625340313011293e-04	8.082903768654760290e-04
5.758802168761626672e+04	1.263473617258981108e-03	8.082903768654760290e-04
5.758888113703740964e+04	-1.608686309706897077e-03	9.237604307034012535e-04
5.759106345508817321e+04	-1.304908548735994600e-04	9.814954576223638115e-04
5.759196758506730839e+04	-3.237645693691781901e-03	1.020348524334264506e-03
5.759304090815815289e+04	1.424395098271524773e-03	8.660254037844385870e-04
5.759395444633371517e+04	-9.925271394717327667e-04	9.237604307034012535e-04
5.759684970819564478e+04	-3.858248382330842219e-03	1.289702808143540361e-03
5.759790455097411905e+04	1.801085082913544966e-03	9.814954576223638115e-04
5.759885786198528513e+04	-4.336375618279930677e-03	1.001110494512080307e-03
5.760010594305113773e+04	3.738244277009528105e-04	9.237604307034012535e-04
5.760091518600507698e+04	-2.224366282296941222e-03	1.040299102288482326e-03
5.760204808159654931e+04	-4.654334629732304052e-04	8.472176684759224466e-04
5.760293135218974203e+04	1.063897177767891833e-03	8.660254037844385870e-04
5.760385330721769424e+04	-2.408403168098871561e-03	9.237604307034012535e-04
5.760500418120237009e+04	3.170932198006681801e-04	9.237604307034012535e-04
5.760685064644357044e+04	-3.136267802218206668e-03	1.405149260557199365e-03
5.760784435736531304e+04	-4.052113887467179154e-03	1.135781669160054611e-03
5.760899418960297771e+04	-3.365455256520988314e-04	8.660254037844385870e-04
5.761002709803861217e+04	1.943363449795398878e-03	8.660254037844385870e-04
5.761397224106359499e+04	-2.204484523918637251e-03	8.660254037844385870e-04
5.761488052381110174e+04	-4.086357292543141284e-06	8.660254037844385870e-04
5.761700769548760582e+04	-1.039109162193518898e-03	8.082903768654760290e-04
5.761803083072757727e+04	2.217692146500027661e-04	8.082903768654760290e-04
5.761910084565499710e+04	-1.540388211216381364e-04	8.082903768654760290e-04
5.762014512969579664e+04	5.850129800721859397e-04	8.082903768654760290e-04
5.762101336721856205e+04	-1.637648627762722242e-03	8.082903768654760290e-04
5.762295897651654377e+04	-2.748943815301885252e-03	9.237604307034012535e-04
5.762399710704420431e+04	1.049327280266965090e-04	8.660254037844385870e-04
5.762613711658005195e+04	-8.888881677711069074e-04	8.082903768654760290e-04
5.762711244403936871e+04	1.175156335271765329e-03	8.082903768654760290e-04
5.762792555841694411e+04	-2.882111976686196897e-03	1.154700538379251594e-03
5.763014019060130522e+04	-1.286372505507671349e-03	1.039230484541326478e-03
5.763102223904115817e+04	-1.242125757450196488e-04	8.660254037844385870e-04
5.763422346636503062e+04	-8.231082049743321249e-04	9.237604307034012535e-04
5.763588511679249496e+04	-1.466693142637254255e-03	9.237604307034012535e-04
5.763705418471936719e+04	-7.037794166997457523e-04	8.082903768654760290e-04
5.763805222087709262e+04	5.853182795023670337e-04	8.082903768654760290e-04
5.763908896134346287e+04	-2.997399577884252153e-04	8.082903768654760290e-04
5.764012662455676764e+04	-1.112056129112026781e-03	8.279828232249480642e-04
5.764113491525562858e+04	-1.384966935380482767e-03	8.660254037844385870e-04
5.764215998658012541e+04	1.024069742151745288e-03	8.660254037844385870e-04
5.764406767281886277e+04	8.946862873226990587e-05	8.660254037844385870e-04
5.764516455296331696e+04	-1.696550539495689236e-03	8.856886837057615291e-04
5.764608565801179066e+04	1.373875665411361524e-04	8.082903768654760290e-04
5.764714667590917088e+04	8.643759564819220031e-05	8.279828232249480642e-04
5.764786274857041280e+04	-1.961470217978877884e-03	9.237604307034012535e-04
5.764905393577834184e+04	-1.762006527554760282e-03	8.082903768654760290e-04
5.765008464869584714e+04	-4.464206455727648404e-04	8.082903768654760290e-04
5.765102943475004577e+04	1.417508332974826146e-03	8.082903768654760290e-04
5.765389978566686477e+04	-1.803263430320889427e-03	8.660254037844385870e-04
5.765509361630025523e+04	-1.675268466353685426e-03	8.082903768654760290e-04
5.765601933330369502e+04	1.172520852108505096e-04	8.082903768654760290e-04
5.765695122422647546e+04	2.251421712866630287e-04	8.279828232249480642e-04
5.765788263197246852e+04	-4.573147873649929807e-04	9.237604307034012535e-04
5.765889512496081443e+04	-2.758332785717243496e-04	8.856886837057615291e-04
5.766096116685865127e+04	-1.293036201674979679e-03	8.660254037844385870e-04
5.766397501984203700e+04	-1.210055354534667060e-03	8.082903768654760290e-04
5.766809669133147690e+04	5.019619732191671346e-04	8.082903768654760290e-04
5.767113183184869558e+04	-5.440989777021343343e-04	8.082903768654760290e-04
5.767311278449150268e+04	-2.108179924977804376e-04	8.082903768654760290e-04
5.767516679496151482e+04	1.381122824355429657e-03	8.660254037844385870e-04
5.767592402414281241e+04	-2.504330807978405460e-03	9.237604307034012535e-04
5.769096347315367166e+04	-1.541165666953503433e-03	8.082903768654760290e-04
5.769988893022521370e+04	-1.780070206433670421e-03	9.237604307034012535e-04
5.770093621725602861e+04	-1.357178444871820489e-04	8.660254037844385870e-04
5.770214208906410931e+04	6.145492281017794767e-05	8.660254037844385870e-04
5.770315391201513557e+04	-2.615949498020242459e-03	8.856886837057615291e-04
5.770408915387626621e+04	-5.482446505302718265e-04	8.082903768654760290e-04
5.770601144931394083e+04	4.599299201384354774e-04	8.082903768654760290e-04
5.770914054572659370e+04	-1.449977857900464073e-03	9.049247973665484239e-04
5.771909878420423775e+04	-2.672517053794010167e-03	8.660254037844385870e-04
5.771999088318214490e+04	9.508980173951186998e-04	8.660254037844385870e-04
5.772306707531688153e+04	-6.783556792209211039e-04	8.660254037844385870e-04
5.772805388435740315e+04	-1.546899056092954083e-04	8.660254037844385870e-04
5.772904548832178261e+04	-1.556972189578509358e-03	8.660254037844385870e-04
5.773105045942693687e+04	6.570152138349882875e-04	8.660254037844385870e-04
5.773314386187310447e+04	-3.187470842078710120e-03	9.237604307034012535e-04
5.773400620847655955e+04	-2.142939217793404794e-03	8.660254037844385870e-04
5.773600952689809492e+04	9.352182323940638753e-05	8.660254037844385870e-04
5.773697794537823938e+04	9.300279848840631303e-04	8.082903768654760290e-04
5.773807017627986352e+04	-1.199979442124465834e-03	8.082903768654760290e-04
5.773903011463936127e+04	-2.404630902566928796e-03	8.279828232249480642e-04
5.775005882862828730e+04	-1.573459052393033630e-03	9.814954576223638115e-04
5.775700438329733879e+04	-5.551095581335374618e-05	8.660254037844385870e-04
5.775997528764689923e+04	-1.777573892471906447e-03	9.237604307034012535e-04
5.776300933560136036e+04	-5.953330023409364458e-04	8.660254037844385870e-04
5.776408968651931355e+04	-8.311673736933755663e-04	8.660254037844385870e-04
5.776913625712603971e+04	-1.201042598021118124e-03	9.237604307034012535e-04
5.777009135582054296e+04	2.311891933404197630e-04	8.660254037844385870e-04
5.777293055611798627e+04	-2.950849408455802347e-03	9.814954576223638115e-04
5.777394901874445350e+04	-1.123471928847763479e-04	9.433981132056603637e-04
5.777497904243520316e+04	-1.807260169339741651e-04	8.660254037844385870e-04
5.777706281731610216e+04	8.226904176256155665e-04	8.660254037844385870e-04
5.777813123728211940e+04	9.873785568590420780e-04	8.856886837057615291e-04
5.777891405756099266e+04	-4.606530078268278317e-03	9.814954576223638115e-04
5.778802617254096549e+04	9.906305957319005984e-04	8.660254037844385870e-04
5.778892426221027563e+04	-1.370819589759264545e-03	9.814954576223638115e-04
5.778991683228460170e+04	-3.173396129169780977e-03	9.814954576223638115e-04
5.779095278108432831e+04	-6.224074092573417261e-04	9.237604307034012535e-04
5.779292761839699233e+04	3.390299184573564162e-04	9.626352718795767828e-04
5.779390830304966948e+04	-1.342012716194496136e-03	1.001110494512080307e-03
5.780006344296762836e+04	1.195080993119823631e-03	8.660254037844385870e-04
5.780217658614294487e+04	-3.819342328873709391e-03	1.020348524334264506e-03
5.780507614031344565e+04	-1.365692321559919264e-04	8.660254037844385870e-04
5.780806787405959767e+04	1.124655331805612946e-03	8.660254037844385870e-04
5.780995381871834252e+04	-2.183256932473121026e-03	9.237604307034012535e-04
5.781115524452966201e+04	-2.282485657678634539e-04	9.237604307034012535e-04
5.781213806839407334e+04	9.278951533797652473e-05	9.237604307034012535e-04
5.781304378089933743e+04	-2.005255762601798608e-03	9.237604307034012535e-04
5.781397608129892615e+04	7.400884649184646946e-04	9.237604307034012535e-04
5.781497422163018928e+04	-1.236748427534628547e-03	9.814954576223638115e-04
5.781608449202714837e+04	-3.577163432995078551e-04	9.237604307034012535e-04
5.781700966368814989e+04	-9.731998874222824725e-04	9.237604307034012535e-04
5.782005879948742950e+04	1.040255087293218139e-03	9.237604307034012535e-04
5.782094744623149018e+04	-1.729608232348134322e-03	1.135781669160054611e-03
5.782188723713688523e+04	-1.736920813065978564e-03	1.327905619136139160e-03
5.782514033768785157e+04	-2.852360562336286876e-03	9.814954576223638115e-04
5.782597839734247100e+04	1.511076873951466837e-03	9.237604307034012535e-04
5.782900293020263780e+04	-1.054948297390723155e-03	9.814954576223638115e-04
5.783604429138623527e+04	-1.501241138489817217e-03	8.856886837057615291e-04
5.783709451088165224e+04	3.024908831843475809e-04	8.660254037844385870e-04
5.784007879471089109e+04	-1.353336409522398753e-03	9.237604307034012535e-04
5.784096309641345579e+04	-6.243281558164781586e-04	9.237604307034012535e-04
5.784507401843608386e+04	6.724089099385821555e-04	9.237604307034012535e-04
5.784596712586918147e+04	-2.882724788388912884e-05	9.237604307034012535e-04
5.784686326089099020e+04	-1.935470481027046219e-03	1.039230484541326478e-03
5.784812825979183253e+04	-1.653064213276600469e-03	9.237604307034012535e-04
5.784904649030935252e+04	2.167830449014473970e-03	9.237604307034012535e-04
5.784989198031750129e+04	-1.144624004467686973e-07	9.626352718795767828e-04
5.785106828216116264e+04	-3.073027835407415864e-04	8.660254037844385870e-04
5.785190580795949063e+04	-3.764246419076577865e-03	9.237604307034012535e-04
5.785305033214913419e+04	1.531574080878783661e-03	8.660254037844385870e-04
5.785589736191210250e+04	-2.908911378576739537e-03	9.433981132056603637e-04
5.785703197202116280e+04	7.663230690662103939e-04	8.082903768654760290e-04
5.786004504380821891e+04	2.766360980652748935e-04	8.660254037844385870e-04
5.786098986210121075e+04	-1.295944291972439544e-03	9.237604307034012535e-04
5.786196940857401205e+04	-2.710044536816447192e-03	8.082903768654760290e-04
5.786284707662161236e+04	-2.206817307435215980e-04	9.237604307034012535e-04
5.786510376951314538e+04	-4.321894842469475861e-04	8.082903768654760290e-04
5.786600600285922701e+04	-7.703322939880408171e-04	7.702813338860895051e-04
5.786701583195257990e+04	2.046041107153229177e-04	7.505553499465134710e-04
5.786796154229143576e+04	-1.522451829716331417e-03	8.082903768654760290e-04
5.787486559782475524e+04	-5.392115219660098546e-04	8.856886837057615291e-04
5.787586296091316763e+04	-2.249759738696788247e-03	9.049247973665486408e-04
5.787906093803044496e+04	-6.851831325338508805e-04	8.082903768654760290e-04
5.788096916964261618e+04	-1.587979690873098093e-03	8.082903768654760290e-04
5.788710114679319668e+04	-1.110318299768486838e-03	8.082903768654760290e-04
5.789213433571685164e+04	1.069701374589726584e-06	8.082903768654760290e-04
5.789508494481393427e+04	-2.088950017287594108e-03	8.082903768654760290e-04
5.789609687557845609e+04	-9.476112894013510868e-04	8.082903768654760290e-04
5.789786975373266614e+04	-1.107433484892617059e-03	8.660254037844385870e-04
5.789914696685454692e+04	1.464862959243973251e-03	8.082903768654760290e-04
5.789987678014318954e+04	-1.660529036738189745e-03	8.856886837057615291e-04
5.790188797094691836e+04	-5.890132466017661272e-04	8.660254037844385870e-04
5.790286238781029533e+04	-2.992861509064859149e-03	9.237604307034012535e-04
5.790509026045659994e+04	-1.049789447693960653e-03	8.082903768654760290e-04
5.790611758595244464e+04	-9.382479871833382390e-04	8.082903768654760290e-04
5.791303726735641976e+04	-2.220101025827148078e-04	8.082903768654760290e-04
5.791701506907041767e+04	1.082519742780618799e-03	8.082903768654760290e-04
5.791788348280022910e+04	-3.461961036822280846e-03	8.660254037844385870e-04
5.792015776820814062e+04	-1.140611142058212124e-03	8.082903768654760290e-04
5.792088053501294053e+04	-1.334805003700090253e-03	8.660254037844385870e-04
5.792311779988094349e+04	4.851022566629836774e-04	8.082903768654760290e-04
5.792502312010402238e+04	-9.994447735559575108e-04	8.082903768654760290e-04
5.792597680593211408e+04	-1.204077333404995898e-03	8.660254037844385870e-04
5.792702269402758975e+04	-1.557936337295728890e-03	1.039230484541326478e-03
5.793090886714436783e+04	-1.377004032475426243e-03	1.039230484541326478e-03
5.793312230700624787e+04	3.672164052650472854e-04	8.660254037844385870e-04
5.793404583298163197e+04	-1.942992247215613588e-03	8.279828232249480642e-04
5.793607847822301846e+04	-1.410714702631210571e-03	8.279828232249480642e-04
5.793703376391971688e+04	4.082539742791269077e-04	8.082903768654760290e-04
5.793810649623571226e+04	-1.242416973449067541e-03	8.660254037844385870e-04
5.793889684273618332e+04	-2.876231620353664198e-03	9.049247973665486408e-04
5.794012292767063627e+04	-1.557034310375016162e-03	8.660254037844385870e-04
5.794492859977798071e+04	-1.350566553734999786e-03	8.660254037844385870e-04
5.794803614624623879e+04	-3.061524650513902657e-04	8.082903768654760290e-04
5.794986811578823108e+04	1.483779559467990339e-04	1.348249894410445378e-03
5.795305489056517399e+04	-2.553958457392369041e-03	9.049247973665486408e-04
5.795393294025099021e+04	-1.696136257003821868e-03	8.660254037844385870e-04
5.795499742931004585e+04	2.901933972463410782e-04	8.660254037844385870e-04
5.795604107060181559e+04	-3.677366496876999236e-04	8.660254037844385870e-04
5.795700924723033677e+04	6.259887086912385712e-04	8.660254037844385870e-04
5.795795995946624316e+04	-1.278391431931424904e-04	8.660254037844385870e-04
5.795896537735006859e+04	-4.128461644088865512e-03	9.237604307034012535e-04
5.796200532161736191e+04	-1.879738006116404847e-03	9.814954576223638115e-04
5.796304260532534681e+04	2.789366369083445818e-03	9.237604307034012535e-04
5.796384847913778503e+04	-1.629110127043809086e-03	1.424390707948099653e-03
5.796487303088443150e+04	-1.904338059305565878e-03	1.039230484541326478e-03
5.796585511649785622e+04	-1.253026758809561159e-03	9.814954576223638115e-04
5.796694812909369648e+04	-9.956771011978560182e-04	8.660254037844385870e-04
5.796800410095298139e+04	-4.649827266387518421e-04	8.660254037844385870e-04
5.796894704362611083e+04	-1.545346779900924616e-04	8.279828232249480642e-04
5.797005673098039551e+04	-1.596781678424363804e-03	8.472176684759222297e-04
5.797107599841088086e+04	-3.879470232206472247e-04	8.082903768654760290e-04
5.797200904346943571e+04	-1.844628153248706326e-03	8.660254037844385870e-04
5.797484917074124678e+04	-2.051791220417875650e-03	1.405149260557199365e-03
5.797807304571271379e+04	6.929424680226503597e-04	9.237604307034012535e-04
5.797988440437275131e+04	-2.424479431881287894e-03	9.237604307034012535e-04
5.798412176827678195e+04	5.748921061634604257e-04	9.237604307034012535e-04
5.798487884292681701e+04	-2.832965908571516422e-03	9.237604307034012535e-04
5.798606399943599536e+04	-1.586192038605993559e-03	1.058825344951239448e-03
5.798692158784053754e+04	1.323281302322065756e-03	1.482115605027713905e-03
5.798901845301394496e+04	-7.937255577319390909e-04	1.039230484541326478e-03
5.799100892673392082e+04	1.139836785802650354e-03	1.154700538379251594e-03
5.799200585464394680e+04	5.270086978566013158e-04	1.096965511460288928e-03
5.799389315152880590e+04	-3.087268748701355037e-03	1.039230484541326478e-03
5.799512340108292847e+04	1.752962961196757874e-04	9.237604307034012535e-04
5.799699984900544951e+04	-1.019919201514341012e-03	8.660254037844385870e-04
5.799997463470458024e+04	-4.745716964578150510e-04	8.660254037844385870e-04
5.800191808355425019e+04	-1.017524745640763228e-03	1.020348524334264506e-03
5.800287182935361488e+04	1.140747981060563632e-03	9.237604307034012535e-04
5.800508065038253699e+04	-2.654368648071780967e-04	9.814954576223638115e-04
5.800598838651636470e+04	1.581939295597578621e-03	9.814954576223638115e-04
5.800810831114782923e+04	-2.056703892793443345e-03	8.660254037844385870e-04
5.801310458372735593e+04	1.225926993793535758e-03	9.237604307034012535e-04
5.801499921115241887e+04	-3.081184926334579188e-03	1.212435565298213827e-03
5.801695314250135561e+04	-1.628222293859948877e-03	1.166190378969060018e-03
5.801790709382812929e+04	7.894554865188752046e-04	8.660254037844385870e-04
5.801887257521833817e+04	-1.569068704352361010e-03	9.237604307034012535e-04
5.802387091736177535e+04	1.667341800997590440e-03	9.626352718795767828e-04
5.802712266330412967e+04	-1.202438367972291644e-03	8.472176684759224466e-04
5.802789690835672081e+04	-2.179152211361667923e-03	8.660254037844385870e-04
5.802906923905935400e+04	-9.156352969563741340e-04	8.082903768654760290e-04
5.803000061945877678e+04	2.937882501319322159e-04	1.096965511460288928e-03
5.803100102827463706e+04	1.170236828114568084e-03	1.096965511460288928e-03
5.803196327234658384e+04	2.041146899056656139e-05	1.096965511460288928e-03
5.803318213040917908e+04	-2.312663743315290787e-03	1.001110494512080307e-03
5.803387967820305494e+04	-2.336148296242512856e-03	9.237604307034012535e-04
5.803486969439618406e+04	1.299977135944985207e-03	9.814954576223638115e-04
5.803698617072702473e+04	-9.834450844037334605e-04	1.154700538379251594e-03
5.803792937381575030e+04	-1.093959988771153746e-03	1.174260996920568987e-03
5.804407253705216135e+04	-2.452392235987588265e-04	1.327905619136139160e-03
5.804597763431921339e+04	-9.435871905028037077e-04	1.212435565298213827e-03
5.804701767838619708e+04	-6.113937113454426253e-04	1.212435565298213827e-03
5.805196149708291341e+04	-4.285285225060775360e-04	1.270170592217176710e-03
5.805700292162036931e+04	8.601312392961801834e-04	1.212435565298213827e-03
5.805814940696267149e+04	-1.284999076244019989e-03	1.270170592217176710e-03
5.806010473496841587e+04	-1.059399751013323510e-03	1.270170592217176710e-03
5.806093500006942486e+04	-2.814914280060420992e-04	1.270170592217176710e-03
5.806812153855273937e+04	-6.800526699048958790e-04	1.212435565298213827e-03
5.813713556013906054e+04	5.729854545233337149e-04	8.082903768654760290e-04
5.816417043294863106e+04	-2.946096637766792981e-03	1.732050807568877174e-03
5.816514688102939544e+04	-3.221225634823632333e-03	1.674315780649914508e-03
5.817104123197635636e+04	1.422180210072454543e-03	9.237604307034012535e-04
5.817192225493733713e+04	-2.786918128282245277e-03	9.814954576223638115e-04
5.817894650722530787e+04	-6.696023172381160293e-04	9.433981132056603637e-04
5.818310274107517762e+04	-1.056964029495510715e-03	9.237604307034012535e-04
5.818598675838331837e+04	-1.089191998419281049e-03	9.237604307034012535e-04
5.818790273916888691e+04	-1.723166297718847773e-03	1.001110494512080307e-03
5.819001722713754134e+04	3.516378736938108318e-03	9.237604307034012535e-04
5.819087691948243446e+04	-4.610308821868969176e-03	1.078064108586415356e-03
5.819318007645104808e+04	-1.943176772605248459e-03	1.020348524334264506e-03
5.819497290362166677e+04	8.234912999656174293e-04	9.237604307034012535e-04
5.819594082015599997e+04	-1.868305947825277258e-04	9.433981132056603637e-04
5.819821083112875203e+04	-2.854550695958302242e-03	1.039230484541326478e-03
5.819991621487624070e+04	1.784481994713260633e-04	9.814954576223638115e-04
5.820119434392870608e+04	-4.138466879313185132e-04	1.020348524334264506e-03
5.820699058631485968e+04	-4.606970073592009385e-03	1.732050807568877174e-03
5.820887948414850689e+04	-8.486205352511433375e-04	1.039230484541326478e-03
5.821099344881344587e+04	1.871753001395859428e-03	9.237604307034012535e-04
5.821393219517875696e+04	-2.770046633335354613e-03	1.039230484541326478e-03
5.821507141857135139e+04	-8.891647177025063797e-04	9.814954576223638115e-04
5.821693356959568337e+04	3.894177307817159317e-04	1.039230484541326478e-03
5.821787582847628801e+04	-2.955714444251356099e-03	1.096965511460288928e-03
5.821905452689331287e+04	1.546109925413041708e-03	9.814954576223638115e-04
5.822010736412060942e+04	-1.415183788688878508e-03	1.001110494512080307e-03
5.822113079341305274e+04	1.513400485713134458e-04	1.039230484541326478e-03
5.822299637705719942e+04	-2.101988509661367743e-03	9.814954576223638115e-04
5.822409910260100150e+04	1.806489268769695400e-04	9.814954576223638115e-04
5.822504520864300866e+04	-5.722609104639175825e-04	9.814954576223638115e-04
5.822707822482920892e+04	-1.340685355244453092e-03	1.001110494512080307e-03
5.823305634534436103e+04	6.021300177838639911e-05	9.814954576223638115e-04
5.823399857410270488e+04	7.375629966581698227e-04	9.626352718795767828e-04
5.823490558656115172e+04	-2.534784480274332452e-03	1.020348524334264506e-03
5.823694609524506814e+04	-9.408912769348631855e-05	9.814954576223638115e-04
5.823805601080522320e+04	-2.433288655803167444e-04	9.626352718795767828e-04
5.823907104207040538e+04	-1.653328656879615721e-03	9.814954576223638115e-04
5.824200286392862472e+04	-2.052670027450353984e-03	9.814954576223638115e-04
5.824301855278470612e+04	8.865426100852502600e-04	9.814954576223638115e-04
5.824592905966512626e+04	-5.556369929724525036e-04	9.814954576223638115e-04
5.824705303038441343e+04	-1.598999307440784889e-03	9.814954576223638115e-04
5.824811403371203778e+04	-1.475048075983309559e-03	9.814954576223638115e-04
5.824898641924573167e+04	-1.930219735974958439e-04	9.626352718795767828e-04
5.825188581712599262e+04	-4.174229009228369591e-04	1.039230484541326478e-03
5.825302387643499242e+04	-8.061966820802624056e-04	9.814954576223638115e-04
5.825510544721495535e+04	-1.254194058898150388e-03	9.814954576223638115e-04
5.825612456021997059e+04	-1.351082762006683424e-03	9.814954576223638115e-04
5.825688248817014392e+04	-2.788269746929472603e-04	1.039230484541326478e-03
5.825810658321873052e+04	7.157892392211095967e-04	9.814954576223638115e-04
5.825888484793445241e+04	-1.996357453555752670e-03	1.096965511460288928e-03
5.825988698116596788e+04	-1.824699665317730535e-03	1.039230484541326478e-03
5.826687342751499818e+04	5.233710613090636343e-04	1.039230484541326478e-03
5.826814811027782707e+04	-2.290266287301889747e-03	9.814954576223638115e-04
5.827001488482520654e+04	-8.556767477685411905e-04	9.814954576223638115e-04
5.827110663969261805e+04	4.205020345349197441e-04	9.814954576223638115e-04
5.827184137640391418e+04	-1.219190802091318915e-03	1.154700538379251594e-03
5.827285631984813517e+04	-6.002190187919254072e-04	1.096965511460288928e-03
5.827410119866322930e+04	3.729396100871085196e-04	9.814954576223638115e-04
5.827509998600851395e+04	-2.328771313685251698e-03	9.814954576223638115e-04
5.827613000469705003e+04	1.499917496641245407e-04	9.814954576223638115e-04
5.827696592961745046e+04	-7.628825465291200203e-04	9.814954576223638115e-04
5.828322397996400105e+04	-1.083993271606686903e-03	1.096965511460288928e-03
5.828512078549541911e+04	8.646546805302079974e-05	9.814954576223638115e-04
5.828696884103813500e+04	-1.582960360820173662e-03	9.814954576223638115e-04
5.828912543535865552e+04	-8.455066038033365317e-04	9.814954576223638115e-04
5.829002051496940840e+04	2.735479862332468315e-04	9.626352718795767828e-04
5.829098511244853580e+04	-2.032029024663373207e-03	9.814954576223638115e-04
5.829207795070838620e+04	2.180758015727590760e-03	9.433981132056603637e-04
5.829313908436211932e+04	-8.291088368563848121e-04	9.814954576223638115e-04
5.829413378038530936e+04	-2.658890465107255352e-03	9.814954576223638115e-04
5.829796782897082448e+04	1.517074491376391165e-03	9.237604307034012535e-04
5.830010058163906797e+04	-1.941527180316704460e-03	9.814954576223638115e-04
5.830387574614842742e+04	-9.301739585190205162e-04	1.539841261660146584e-03
5.830512216345397610e+04	-1.355528571041375585e-03	1.270170592217176710e-03
5.830620730980112421e+04	4.440899361384254007e-04	1.039230484541326478e-03
5.830689431039030023e+04	-1.057778224838656911e-03	1.039230484541326478e-03
5.831311992467886739e+04	-1.202679668852013606e-03	1.039230484541326478e-03
5.831386587794029037e+04	-4.336483711639971261e-04	1.154700538379251594e-03
5.831509207824336772e+04	8.343601773130870924e-04	1.039230484541326478e-03
5.831591425744770095e+04	-1.005623331467475623e-03	1.078064108586415356e-03
