BJD	Res	err
5.722218249587630999e+04	-4.094393378192826560e-01	1.210946156409876129e-01
5.722391687116972753e+04	-4.597017573920627598e-01	1.144770759184670639e-01
5.723295181496451551e+04	1.476620598256873862e+00	1.140318969693467771e-01
5.723413024166393006e+04	2.322879879552770532e+00	1.128962269823025472e-01
5.723496810407444718e+04	5.147256332768872511e-01	1.135403416482501787e-01
5.723608891514118295e+04	2.377553214862048847e+00	1.117335735146717801e-01
5.723785161063043779e+04	1.122345875516639779e+00	1.257453510480895653e-01
5.723907750609017239e+04	1.204032306403696850e+00	1.132481641261106065e-01
5.723992076011531753e+04	-2.549952745579524560e-01	1.171119484872257116e-01
5.724196113980243535e+04	6.733985718273025611e-01	1.186940062933511814e-01
5.725198008409460454e+04	-5.723324449408835335e-01	1.126141649960427787e-01
5.725287920852556999e+04	-7.230113161624629470e-02	1.187033074802930493e-01
5.725392418441180052e+04	3.794611993955214757e-01	1.163029598972925432e-01
5.725511323002979771e+04	-1.431376413848429507e+00	1.147822435392672064e-01
5.725588684520369861e+04	2.602964934084255333e-01	1.214756647372364634e-01
5.725914204134904867e+04	6.948598792176934325e-01	1.142447898900503661e-01
5.726113331115732581e+04	5.005433531985303830e-01	1.136866052022992984e-01
5.726193471214175224e+04	-1.512167584322890335e+00	1.180403728646552547e-01
5.726316294601008121e+04	-1.237793257635058097e+00	1.147516400187488239e-01
5.726397461389168893e+04	-1.365246712030259602e+00	1.156463594422649926e-01
5.726505711788827466e+04	-4.054330359720985655e-01	1.147627258065252870e-01
5.726613164115887048e+04	-1.486472465770592777e+00	1.153437622782741007e-01
5.726691520497083548e+04	5.900326984432915367e-01	1.224799963164756450e-01
5.726786173013692314e+04	-7.906901441886127202e-01	1.243958102421445361e-01
5.726899904854912165e+04	-5.875573919373273668e-01	1.131740470270490989e-01
5.727003197692429239e+04	-1.750647461160763640e+00	1.147574183494910888e-01
5.727108115630353859e+04	-1.090762903052674204e+00	1.149902583494899627e-01
5.727293564436733868e+04	-2.046750231229609085e+00	1.203904857808393153e-01
5.727404854122327379e+04	-1.283852265024080452e+00	1.177361051596291786e-01
5.727512443259388965e+04	-1.324972106108159409e+00	1.155446412533316369e-01
5.727799895966020995e+04	-1.425255403242516650e+00	1.157507897267749941e-01
5.727914781264035992e+04	-7.148009422530279267e-01	1.177406001100617799e-01
5.728009598712627485e+04	-3.105146538586289751e-01	1.159931739251796740e-01
5.728094982365499891e+04	1.437569871899096796e+00	1.180662053130835387e-01
5.728206901844918320e+04	2.251220239976319704e+00	1.153638861599073362e-01
5.728313381301489426e+04	2.029622571250477847e+00	1.164341884594571191e-01
5.729290288893938850e+04	2.674973114827690068e-01	1.234987753962108886e-01
5.729399593177351926e+04	-7.997897744877384696e-01	1.175551550757973351e-01
5.729486595496555674e+04	-7.122790724399816753e-01	1.266749106604015407e-01
5.730110538716134761e+04	-1.671780794198216569e+00	1.318744231656448218e-01
5.730200421928437572e+04	-5.201775139286937133e-01	1.130486679481327722e-01
5.730292134819882631e+04	-3.950232174212615632e-01	1.196303628725233631e-01
5.730411825520274579e+04	-1.871045834606650970e+00	1.147737647343207018e-01
5.730694149808207294e+04	-4.371438814016421759e-01	1.169693251530112138e-01
5.730803354676790332e+04	-7.255415132004188195e-01	1.129395858717136547e-01
5.732195510678999563e+04	-1.975278593014122563e+00	1.124719999239470608e-01
5.732393824093314470e+04	-4.639430935784858434e-01	1.137890008145371196e-01
5.732503690046801057e+04	-2.305752770660760120e+00	1.112249220963068413e-01
5.732602413406591950e+04	-2.187524105487860027e+00	1.107006084648808203e-01
5.732791467010226188e+04	9.660310590595564406e-01	1.175730089868885359e-01
5.732892672839445731e+04	2.831015532461760742e+00	1.156818830083898714e-01
5.733014761128581449e+04	1.159107906231803042e+00	1.152235017673318707e-01
5.733089984056852700e+04	3.863729691490540574e-01	1.188721642852076377e-01
5.733196093302501686e+04	-7.210091785815855303e-01	1.123248312937786958e-01
5.733296084970870288e+04	-7.916768694021065755e-01	1.122576998299443934e-01
5.733409681480474683e+04	8.320463096657277902e-01	1.119832792678239070e-01
5.733490896242979943e+04	6.682392153370315668e-01	1.193545096487881874e-01
5.734501944719991297e+04	1.326180494061317106e+00	1.129101929225829609e-01
5.734695019914199656e+04	7.573673562288405492e-01	1.151892195818450676e-01
5.734791556843950821e+04	-7.722341324213228830e-01	1.187494115665605338e-01
5.734997599724294560e+04	-3.609658947128000506e-01	1.130993301547511404e-01
5.735117235232754319e+04	-2.214323614485849134e-01	1.227052459494473724e-01
5.735307491231716995e+04	8.056468918496406673e-01	1.161815748858312930e-01
5.735491036255299696e+04	2.635634333538364515e+00	1.236248839769044094e-01
5.736092306400713278e+04	-1.280681012440712863e+00	1.222865931159018982e-01
5.736797031061255257e+04	5.018857377244927420e-01	1.176256894279884557e-01
5.737199894209040212e+04	2.140033821648964718e+00	1.195043258403353376e-01
5.737910503113822779e+04	-1.332408745317771093e+00	1.199698136682173510e-01
5.737996942719434446e+04	8.950141410476888382e-01	1.209713748537634831e-01
5.738097406124865665e+04	3.576964951892662725e-01	1.205595755730903829e-01
5.738614630625353311e+04	-1.722927179945973108e+00	1.225909733269903018e-01
5.738694872872376436e+04	-1.532772029862293550e+00	1.220640536627576739e-01
5.738800573108796380e+04	-1.823284161990965657e+00	1.180982583825722493e-01
5.739108672644887702e+04	-1.046850684428068945e+00	1.187996259921652586e-01
5.739415124080735404e+04	6.104431747730671987e-01	1.223926228901894425e-01
5.739493107354779204e+04	1.497597480887375099e+00	1.246057368475433219e-01
5.739607887145155837e+04	-4.302406603592388024e-01	1.186530456725765625e-01
5.739706415438615659e+04	-6.899753693280175071e-02	1.182510355725649026e-01
5.739810578269722464e+04	1.413992476980791224e+00	1.187897931274002894e-01
5.739906009629162145e+04	7.327371597114584745e-01	1.176454872991128525e-01
5.740593707657718187e+04	-5.026226233394055498e-01	1.254707147808357959e-01
5.740711138087360450e+04	-1.276655215681245181e+00	1.192864970751797565e-01
5.740817011640279816e+04	-1.074430030478694675e+00	1.235696722268031650e-01
5.741299663055427663e+04	2.142150935561542013e+00	1.195582339701473512e-01
5.741416605086105119e+04	-2.320939639758933026e+00	1.267979164908424050e-01
5.741799256408346992e+04	2.055041640503247891e-01	1.191594318831334515e-01
5.741904987369654555e+04	8.498579578636551446e-01	1.178133303651747316e-01
5.742413049091137509e+04	1.389332387494086163e+00	1.208573053270014519e-01
5.742800451114343014e+04	5.110518110565820393e-02	1.253361808335938521e-01
5.742892523945621360e+04	1.365261943935978550e+00	1.334091276017361494e-01
5.743011207076595747e+04	1.293318632155328274e+00	1.205133222365275397e-01
5.743097354154312779e+04	-8.236869215176412240e-02	1.194522080954765891e-01
5.743316270496119978e+04	-1.481865048294466192e+00	1.212272195983339212e-01
5.743402745144344954e+04	-3.096714783161282014e+00	1.177927436638914888e-01
5.743601480222826649e+04	-1.358944767867917847e-01	1.181126750193681185e-01
5.744008916997300548e+04	-6.890405020805836500e-01	1.183066046031159141e-01
5.744504099954455887e+04	-6.970023320270009037e-01	1.179724897438827885e-01
5.744591617324696563e+04	-2.624797990736091435e+00	1.262706067802238652e-01
5.744800385529352934e+04	-1.463327001947916983e+00	1.185948356372740348e-01
5.744899632747523719e+04	4.598475822515091238e-01	1.173143282486571320e-01
5.745103549944573024e+04	-1.605937781793755903e-01	1.330406752558150052e-01
5.745304763160986477e+04	1.539028715527887670e+00	1.201852708711702161e-01
5.745398585761812137e+04	-2.029265618071924848e-01	1.198278308588619084e-01
5.745509054588233994e+04	2.219553143684194652e+00	1.196996111620224346e-01
5.745592368632012949e+04	5.886826927719539526e-01	1.254461728114091013e-01
5.745699621605428547e+04	-3.392827361420593490e+00	1.189900515340225756e-01
5.745802519235028740e+04	-1.584917551955825843e+00	1.197003511752030014e-01
5.745902206285212742e+04	-1.427418211791358971e+00	1.183452335985499815e-01
5.746200396878796892e+04	-1.093907326389381041e+00	1.191729093612970830e-01
5.746320205369657924e+04	2.393686250355528955e-01	1.260216266396280427e-01
5.746493027957682352e+04	-8.753698728195935530e-01	1.288284211800225787e-01
5.746995706212560617e+04	-7.200247159695294386e-01	1.242542586012637534e-01
5.747395297524705529e+04	-6.025786049333383687e-01	1.244743134088174968e-01
5.747488267371329130e+04	-1.808151782062889623e+00	1.314528953305115211e-01
5.747611970442417805e+04	-8.679687924414452027e-01	1.221643109522900922e-01
5.747689647744099057e+04	-2.265781175143395387e-01	1.298294113120040116e-01
5.748217096708052122e+04	-2.099786053237551187e-02	1.217529793751327971e-01
5.748505026291837567e+04	-2.872169260530789359e+00	1.174835636635536140e-01
5.748612088859878713e+04	-3.689897169347311490e-01	1.187434986813035304e-01
5.748705030144679040e+04	9.191686294726189033e-01	1.177410997108401108e-01
5.748807654627154261e+04	3.201066069815148296e-01	1.174235106151042540e-01
5.748902045974098291e+04	1.703549169215389014e+00	1.183603630057640937e-01
5.748987418026379601e+04	5.183277600781721617e-01	1.276314653190126214e-01
5.749110286336443096e+04	3.082145307578608495e+00	1.182523047996884152e-01
5.749812560411560116e+04	-5.369625444227210664e-01	1.189083884252577911e-01
5.750202758616731444e+04	-1.121015616184557473e-01	1.184551869580687811e-01
5.750292689647042425e+04	6.190556891026233188e-01	1.234926051810267683e-01
5.750718162785549066e+04	-6.579100022532884395e-01	1.230885304244956763e-01
5.750802047395486443e+04	-8.807210081905019194e-01	1.189274020693285167e-01
5.750902094199061685e+04	-1.594049631168225289e+00	1.189991223060525849e-01
5.751010377570117271e+04	3.528300818282268381e-01	1.183328691162102292e-01
5.751194102935169940e+04	1.799789991915965004e+00	1.225450046885993016e-01
5.751285670481258421e+04	-1.490268881866285255e+00	1.306238315366677338e-01
5.752212781735960743e+04	-1.980995914252403622e-01	1.240409679291490375e-01
5.752306670361200668e+04	-6.401817999545293958e-01	1.218133626219361498e-01
5.752586391983911017e+04	-1.253226729290446428e-02	1.308737085595329808e-01
5.752706403318127559e+04	1.064290926335299758e+00	1.232868453271156600e-01
5.752806301495146181e+04	8.497181291724800190e-01	1.227931486657489885e-01
5.752891144702566089e+04	3.597320509199981586e-01	1.271881863361558618e-01
5.753207976665233582e+04	7.915544340036362314e-02	1.227896991903588558e-01
5.753284654377615516e+04	2.586674308855343440e-01	1.336657956063339314e-01
5.753391784759531583e+04	-1.309666615304013959e+00	1.276519717756919026e-01
5.753488145590903150e+04	-1.558190560161335725e+00	1.289861560897813397e-01
5.753602114932166296e+04	-1.470252321467089729e+00	1.233725636183631152e-01
5.753714581971090229e+04	-4.093035444168684478e-01	1.248323119374103451e-01
5.754407358966911852e+04	-1.362688347201590489e-01	1.236281706160819310e-01
5.754487218439547723e+04	-6.583562529086783854e-01	1.317852229688057653e-01
5.754595904663584224e+04	-8.660297289284457634e-02	1.264639687044390726e-01
5.754701727574120741e+04	-1.748513211247519905e-01	1.264178747013842141e-01
5.754822849380992557e+04	-1.338303693584308007e+00	1.325966589653077010e-01
5.754909622867717553e+04	-2.277312654640983425e+00	1.242116094159026879e-01
5.754994140885226807e+04	-2.397427302752610956e+00	1.276940860669382172e-01
5.755104363625435508e+04	-7.438648562648850771e-01	1.248960281995363103e-01
5.755202815382521658e+04	-8.610627023349906040e-01	1.258141392676745962e-01
5.755299955529756699e+04	1.081313021731389767e+00	1.256711004410903665e-01
5.755400356239650137e+04	2.522894789334870325e+00	1.251342083697788987e-01
5.755491395682939765e+04	6.209070980226769620e-01	1.290598256164347812e-01
5.755587727620040823e+04	9.915038764108246028e-01	1.319756983145034812e-01
5.755706548580297385e+04	1.076979931129102397e+00	1.248429161035064516e-01
5.755802393437797582e+04	-6.444230445173815269e-01	1.250065577795732297e-01
5.755991654791399924e+04	-1.497188750715377381e+00	1.308561605858809818e-01
5.756091147412321152e+04	-1.791302187326486717e-01	1.395453483800445094e-01
5.756211001873706846e+04	-1.802971506230939269e-01	1.332334616032961327e-01
5.756715466868032672e+04	-4.713340042067848401e-01	1.274336618153669443e-01
5.756812919920565037e+04	-2.779074956583826861e-02	1.263847822960053879e-01
5.756925132112118445e+04	-1.428268061087869967e+00	1.379238839849977194e-01
5.757114246390038170e+04	1.264527190543102364e+00	1.274246824904327613e-01
5.757196904835025634e+04	1.032458300511741811e+00	1.283528343891713608e-01
5.757303913045299123e+04	5.491214857366415458e-01	1.264572727426927223e-01
5.757398506101049861e+04	2.695674081576804326e-01	1.271322592849981614e-01
5.757710565541387768e+04	1.229660478676411373e+00	1.263440775191076171e-01
5.757802457860420691e+04	-2.091907685232250458e-01	1.262642605499569581e-01
5.758207341696273215e+04	2.289237074488422508e+00	1.259421139634116782e-01
5.758290074503495271e+04	2.898620132683358719e+00	1.394473842406525055e-01
5.758505369772802806e+04	3.603686026315658708e+00	1.374263619332638520e-01
5.758619458747888712e+04	-3.924613109508712228e-01	1.453168506419035555e-01
5.758716493511012959e+04	3.426329753729575600e-01	1.285372304516196329e-01
5.758802168761626672e+04	1.061823154006482639e-01	1.275180626439797738e-01
5.758888113703740964e+04	-4.698641700199317484e-01	1.390549817535745858e-01
5.759106345508817321e+04	-1.588990502340902111e+00	1.479439089731565959e-01
5.759196758506730839e+04	-1.704794990933333310e+00	1.490743656081044144e-01
5.759304090815815289e+04	-1.815398262461240364e+00	1.337044354530119994e-01
5.759395444633371517e+04	-1.803544024464684981e-01	1.373867595914958495e-01
5.759684970819564478e+04	-1.316673778295243125e+00	1.720116725264023427e-01
5.759790455097411905e+04	7.133352335555294133e-01	1.450553753151455350e-01
5.759885786198528513e+04	1.085170332162981310e+00	1.447877458776077597e-01
5.760010594305113773e+04	-7.329829497459030563e-01	1.384216416574406416e-01
5.760091518600507698e+04	-1.720778740212814739e+00	1.511002534222193050e-01
5.760204808159654931e+04	1.008623292167378338e+00	1.293963490453464982e-01
5.760293135218974203e+04	-8.706375282129030779e-01	1.317523285331518579e-01
5.760385330721769424e+04	-8.692274167924800565e-01	1.382034558446597894e-01
5.760500418120237009e+04	-6.135833202772396078e-01	1.412139328691167373e-01
5.760685064644357044e+04	2.107767832451230561e-01	1.822418701845230082e-01
5.760784435736531304e+04	3.540172294669758912e-01	1.562695388542375274e-01
5.760899418960297771e+04	-1.181814931243074795e-01	1.310010865721875362e-01
5.761002709803861217e+04	2.697042136925418276e-01	1.364303682513367810e-01
5.761397224106359499e+04	8.380234270378252859e-01	1.337354742215349779e-01
5.761488052381110174e+04	1.875426124437954201e+00	1.339214895757588064e-01
5.761700769548760582e+04	-1.765940725267252986e+00	1.270771110487419753e-01
5.761803083072757727e+04	-1.073808210302217958e+00	1.269085413499760617e-01
5.761910084565499710e+04	-4.447209629095461025e-01	1.252688010716593026e-01
5.762014512969579664e+04	-1.764958128801477955e+00	1.279861935156427766e-01
5.762101336721856205e+04	-1.972355166429373696e+00	1.271406425600251355e-01
5.762295897651654377e+04	-9.896035479488425324e-01	1.349785602402086837e-01
5.762399710704420431e+04	-1.040406317373665956e+00	1.333803203747517263e-01
5.762613711658005195e+04	7.184538111928802095e-01	1.269752844595468388e-01
5.762711244403936871e+04	2.180956849783726170e+00	1.263752187656434212e-01
5.762792555841694411e+04	9.785776186126895482e-01	1.626878554691943701e-01
5.763014019060130522e+04	5.087828710539987753e-01	1.523081471053811531e-01
5.763102223904115817e+04	3.602794323112235020e-02	1.322717393494902416e-01
5.763422346636503062e+04	-2.775635220055114871e-01	1.379551796896679450e-01
5.763588511679249496e+04	1.901137030894943791e+00	1.369730997364411451e-01
5.763705418471936719e+04	2.277188947515707440e+00	1.276264407070205886e-01
5.763805222087709262e+04	1.630108974048447124e+00	1.269028297606749900e-01
5.763908896134346287e+04	4.946135343050173105e-02	1.287672298193637821e-01
5.764012662455676764e+04	-1.158496537816517957e+00	1.300799307740825306e-01
5.764113491525562858e+04	-8.679387927081947396e-01	1.307435255801379370e-01
5.764215998658012541e+04	-1.188884412743284713e+00	1.301010791858107918e-01
5.764406767281886277e+04	-1.519365744275237518e+00	1.333126587695966092e-01
5.764516455296331696e+04	-2.113933356890090209e+00	1.336775095211081565e-01
5.764608565801179066e+04	-1.078861656610925479e+00	1.251758425645791706e-01
5.764714667590917088e+04	-1.152463572757671528e+00	1.272806068546487868e-01
5.764786274857041280e+04	-1.449632079650069016e+00	1.374604117930552094e-01
5.764905393577834184e+04	-8.231834540506497433e-01	1.257312301469065419e-01
5.765008464869584714e+04	1.035813625825984019e+00	1.260173899961452570e-01
5.765102943475004577e+04	2.091419386868867747e+00	1.260448690642736458e-01
5.765389978566686477e+04	1.340808780544463730e+00	1.337559536509927427e-01
5.765509361630025523e+04	3.831636681308978609e-01	1.253178624816488618e-01
5.765601933330369502e+04	-1.483379915773351598e+00	1.257019027704233682e-01
5.765695122422647546e+04	-9.549511535591186373e-01	1.281713379372209083e-01
5.765788263197246852e+04	-4.590065028457352980e-01	1.349446494540001429e-01
5.765889512496081443e+04	-2.728350676059516644e+00	1.335178847183191853e-01
5.766096116685865127e+04	-1.657822014029513014e-01	1.297613503793745571e-01
5.766397501984203700e+04	-2.009919747912576327e-01	1.258709197579105099e-01
5.766809669133147690e+04	2.137967247903695522e+00	1.281762239222671573e-01
5.767113183184869558e+04	1.130876722336548568e+00	1.284413130581618379e-01
5.767311278449150268e+04	-3.480720310848717247e-01	1.274040788405430835e-01
5.767516679496151482e+04	-1.449172345754917046e+00	1.316756582416867827e-01
5.767592402414281241e+04	-1.013188621746003548e+00	1.353252802879786887e-01
5.769096347315367166e+04	1.654931921666253913e+00	1.290670478371561125e-01
5.769988893022521370e+04	-2.649425179381239559e-01	1.406421871940523316e-01
5.770093621725602861e+04	-1.933687118240499103e-01	1.319690567167133011e-01
5.770214208906410931e+04	-9.077245279124674937e-01	1.324361225191043046e-01
5.770315391201513557e+04	-1.635450525541212841e+00	1.337057328670199496e-01
5.770408915387626621e+04	-7.780988905378336540e-01	1.289715476502062141e-01
5.770601144931394083e+04	6.118501519161867463e-02	1.286836310973450415e-01
5.770914054572659370e+04	6.608596472860988058e-01	1.351516073878133162e-01
5.771909878420423775e+04	-5.037953405022683739e-01	1.303532805868554689e-01
5.771999088318214490e+04	7.710982252753595390e-01	1.301740064133141972e-01
5.772306707531688153e+04	-4.098463273278838415e-01	1.298894328830847433e-01
5.772805388435740315e+04	-1.836826807136990425e+00	1.301178147902184723e-01
5.772904548832178261e+04	1.098974779807448954e-02	1.297218215208733316e-01
5.773105045942693687e+04	-9.413327292097868337e-01	1.298605593960147908e-01
5.773314386187310447e+04	-7.149080228843907037e-01	1.341628462858993343e-01
5.773400620847655955e+04	7.982679982857341372e-01	1.284363869247789058e-01
5.773600952689809492e+04	1.301705627709573321e+00	1.284355587417329858e-01
5.773697794537823938e+04	-3.338944488350357176e-01	1.218019399451447243e-01
5.773807017627986352e+04	3.359776049625828875e-01	1.267513719405384542e-01
5.773903011463936127e+04	-1.196249739763171505e+00	1.268637102316960419e-01
5.775005882862828730e+04	-7.228339130773200338e-01	1.411094978543327161e-01
5.775700438329733879e+04	1.253658835560386819e+00	1.288139848930388021e-01
5.775997528764689923e+04	5.328575516404470136e-01	1.349982990888485002e-01
5.776300933560136036e+04	-7.962734966065632136e-01	1.311889766530111578e-01
5.776408968651931355e+04	-2.596715165589031926e-01	1.299542165443100805e-01
5.776913625712603971e+04	1.384109014319498954e-01	1.352493281912483802e-01
5.777009135582054296e+04	7.262953872244537479e-01	1.320083698343585965e-01
5.777293055611798627e+04	-3.134965053174738614e-01	1.399017620397508266e-01
5.777394901874445350e+04	-5.703312658020500692e-01	1.387365755249237997e-01
5.777497904243520316e+04	2.186814504844871720e+00	1.330451979112994565e-01
5.777706281731610216e+04	1.328754823820695208e+00	1.306917759085962916e-01
5.777813123728211940e+04	2.211089375752298025e+00	1.328784700020863296e-01
5.777891405756099266e+04	2.806488921001836445e+00	1.407417783119061239e-01
5.778802617254096549e+04	9.016247751664323573e-01	1.311462046198685616e-01
5.778892426221027563e+04	1.951221851806906216e+00	1.386631507179365008e-01
5.778991683228460170e+04	-1.122777315014872102e+00	1.401013527017703764e-01
5.779095278108432831e+04	-5.477457906106018015e-01	1.349055528471261589e-01
5.779292761839699233e+04	-2.238190200127831986e-02	1.379370713384912017e-01
5.779390830304966948e+04	7.256517541349296607e-01	1.420290306532599744e-01
5.780006344296762836e+04	5.625486703734736693e-01	1.293854932264308644e-01
5.780217658614294487e+04	5.361558956785010821e-01	1.411597916381251705e-01
5.780507614031344565e+04	-1.377096179964908629e+00	1.299417718853219939e-01
5.780806787405959767e+04	8.895654870276779036e-01	1.333644947454097618e-01
5.780995381871834252e+04	1.624827912381867634e-01	1.379384387100330289e-01
5.781115524452966201e+04	1.264988376822543614e+00	1.358926946051516038e-01
5.781213806839407334e+04	1.139598015822471666e+00	1.347989165949559920e-01
5.781304378089933743e+04	3.083196526923757119e-01	1.352705045720364041e-01
5.781397608129892615e+04	-1.364776003723093822e+00	1.343688581330103604e-01
5.781497422163018928e+04	-5.930868457322944209e-01	1.395237697045970948e-01
5.781608449202714837e+04	-5.628849169120790918e-01	1.340202695440110836e-01
5.781700966368814989e+04	-1.995852568179969921e-01	1.346648961248833321e-01
5.782005879948742950e+04	-5.579376835530958090e-01	1.367599704394596438e-01
5.782094744623149018e+04	2.193777009291544289e-01	1.549561577585411576e-01
5.782188723713688523e+04	2.323648179500139577e-01	1.679892338645328775e-01
5.782514033768785157e+04	8.714338978633442423e-01	1.370641268032964377e-01
5.782597839734247100e+04	1.117224946010111353e-01	1.354004072280786397e-01
5.782900293020263780e+04	-9.134189047903262804e-02	1.389203146487157925e-01
5.783604429138623527e+04	1.039332772598541510e+00	1.312983306556292362e-01
5.783709451088165224e+04	1.225904478172168410e-01	1.312443883745390838e-01
5.784007879471089109e+04	8.578484684418050676e-01	1.319932617229137850e-01
5.784096309641345579e+04	-1.447362998131218603e-01	1.343999410393718619e-01
5.784507401843608386e+04	-3.347151746761127811e-01	1.337845105979256488e-01
5.784596712586918147e+04	-5.627650428330710497e-02	1.354634787106860083e-01
5.784686326089099020e+04	-2.242583247103834054e+00	1.456080693709764506e-01
5.784812825979183253e+04	-2.036105642899805446e+00	1.326657248815817647e-01
5.784904649030935252e+04	2.370400985767524560e-01	1.319026153386199662e-01
5.784989198031750129e+04	-2.828540025606507413e-01	1.368070473074226578e-01
5.785106828216116264e+04	-7.863132362346121340e-01	1.295695479125674454e-01
5.785190580795949063e+04	-1.019822940288655388e+00	1.346234346814439709e-01
5.785305033214913419e+04	-3.759187306429652153e-01	1.301056052760402870e-01
5.785589736191210250e+04	-1.072739762153776866e+00	1.400592490098979404e-01
5.785703197202116280e+04	5.311005806073509916e-01	1.260970151394173178e-01
5.786004504380821891e+04	-1.656955940185191878e-01	1.342600389782107884e-01
5.786098986210121075e+04	-8.295681743513689810e-01	1.382874028078506512e-01
5.786196940857401205e+04	-2.200503804374271510e+00	1.236821760060174830e-01
5.786284707662161236e+04	-6.333064930519398672e-01	1.370304010575564835e-01
5.786510376951314538e+04	8.135462454167452506e-01	1.231879431437594014e-01
5.786600600285922701e+04	1.049823578139410074e+00	1.232047342333529721e-01
5.786701583195257990e+04	9.257772911567840879e-02	1.226323516248182949e-01
5.786796154229143576e+04	2.485303228290835165e+00	1.241027306843296846e-01
5.787486559782475524e+04	1.420378097073893287e-01	1.346784717525435215e-01
5.787586296091316763e+04	4.654547880244663816e-02	1.343715486890607880e-01
5.787906093803044496e+04	4.466714639761448780e-02	1.236115709197886520e-01
5.788096916964261618e+04	-3.208665193608233324e-01	1.242206166556594077e-01
5.788710114679319668e+04	-4.211523699375909757e-01	1.238986927625328888e-01
5.789213433571685164e+04	-1.499418779724699391e-01	1.248777612656888913e-01
5.789508494481393427e+04	5.460964366378462387e-01	1.238152265582360134e-01
5.789609687557845609e+04	4.399664040960757916e-01	1.243292385568956632e-01
5.789786975373266614e+04	-1.819575035112350747e-01	1.339431878425089983e-01
5.789914696685454692e+04	-1.156289686071477973e+00	1.253958582460175109e-01
5.789987678014318954e+04	-1.710400435611042269e+00	1.326362858715591231e-01
5.790188797094691836e+04	-1.217581027810712868e+00	1.315502716132779804e-01
5.790286238781029533e+04	8.820665060889290032e-01	1.340951766194398709e-01
5.790509026045659994e+04	3.652037161510506280e-01	1.239925148270344946e-01
5.790611758595244464e+04	-5.562801262537995228e-01	1.244606828402381044e-01
5.791303726735641976e+04	-7.275359687139442144e-01	1.240659668857303083e-01
5.791701506907041767e+04	-7.556920953427983534e-01	1.249778550109416214e-01
5.791788348280022910e+04	5.008458949570773200e-01	1.327085214202059493e-01
5.792015776820814062e+04	6.187511163036525375e-01	1.266557311401050878e-01
5.792088053501294053e+04	1.142840176046462375e+00	1.335456489346300568e-01
5.792311779988094349e+04	1.543416850975354748e+00	1.247171805668206707e-01
5.792502312010402238e+04	-4.090639442765073852e-01	1.246408970078805162e-01
5.792597680593211408e+04	7.933486002512637469e-01	1.293891551512856841e-01
5.792702269402758975e+04	-1.361077596143854151e+00	1.493852529678668384e-01
5.793090886714436783e+04	5.809124985762466054e-01	1.475840199658743079e-01
5.793312230700624787e+04	-3.236353848174502446e-01	1.307395362905099667e-01
5.793404583298163197e+04	-7.199883067389443170e-01	1.272678156709263764e-01
5.793607847822301846e+04	1.507679258304275294e+00	1.271909431227178644e-01
5.793703376391971688e+04	-6.205388637149980013e-01	1.277637996673867682e-01
5.793810649623571226e+04	1.037721893844327781e-01	1.277032675041306908e-01
5.793889684273618332e+04	2.533144061014205306e-01	1.343770802972141798e-01
5.794012292767063627e+04	-6.878418699413053616e-01	1.290862785375455069e-01
5.794492859977798071e+04	3.020212982542997082e+00	1.308517023954704761e-01
5.794803614624623879e+04	5.562321563137366809e-01	1.278188556193797509e-01
5.794986811578823108e+04	-9.135604300120903076e-01	1.799302984873609457e-01
5.795305489056517399e+04	5.535191707898690083e-01	1.342904711965120790e-01
5.795393294025099021e+04	-2.511040956931331891e-01	1.306754713932310741e-01
5.795499742931004585e+04	4.510898823515212541e-01	1.292982672370777408e-01
5.795604107060181559e+04	-1.918171560131085585e-01	1.286388772318028673e-01
5.795700924723033677e+04	-1.035042964936021548e+00	1.301123219542676679e-01
5.795795995946624316e+04	9.136220361867160022e-01	1.297164693347130360e-01
5.795896537735006859e+04	3.479718665031192870e-01	1.393288219335779843e-01
5.796200532161736191e+04	1.896905503978452145e-01	1.440705869103497960e-01
5.796304260532534681e+04	-1.074540008634187416e+00	1.406404625362837335e-01
5.796384847913778503e+04	-1.573424558971964871e+00	1.829917931894780025e-01
5.796487303088443150e+04	6.403495054331997949e-02	1.469887852069351464e-01
5.796585511649785622e+04	-7.099431340929882595e-01	1.398302353407413212e-01
5.796694812909369648e+04	-1.029786582663909655e+00	1.285307888710746638e-01
5.796800410095298139e+04	6.577676732948489757e-01	1.306685743653947795e-01
5.796894704362611083e+04	2.210092723407061754e+00	1.285051445262296865e-01
5.797005673098039551e+04	2.524443230779748859e+00	1.280119688438943470e-01
5.797107599841088086e+04	2.602931861332773877e+00	1.274969641851542435e-01
5.797200904346943571e+04	1.724376544423719793e+00	1.311134215107097323e-01
5.797484917074124678e+04	-4.872062685448419472e-01	1.817684474060562438e-01
5.797807304571271379e+04	-2.017622948370956237e-02	1.375563724116651010e-01
5.797988440437275131e+04	-7.638733052596684558e-01	1.366565301632609586e-01
5.798412176827678195e+04	7.654545071340130846e-01	1.392563118818604395e-01
5.798487884292681701e+04	1.727818451737721972e+00	1.384675526907671317e-01
5.798606399943599536e+04	1.080459917642542678e+00	1.530763701775888774e-01
5.798692158784053754e+04	1.554565407746149930e+00	1.910211300145412405e-01
5.798901845301394496e+04	-1.905317453751891321e-01	1.521731311964689137e-01
5.799100892673392082e+04	2.105041725921488194e-01	1.631243673383055981e-01
5.799200585464394680e+04	-6.012247113301967261e-01	1.568932296367862023e-01
5.799389315152880590e+04	-3.319007920566896530e-01	1.469866442415352914e-01
5.799512340108292847e+04	-1.179212549068658689e+00	1.338245089945524213e-01
5.799699984900544951e+04	1.258459011680368889e+00	1.330756376712644851e-01
5.799997463470458024e+04	4.870135291374699804e+00	1.324651833401798984e-01
5.800191808355425019e+04	2.441218841053061084e+00	1.515267210378275220e-01
5.800287182935361488e+04	1.267171183213982033e+00	1.392199139103058592e-01
5.800508065038253699e+04	-7.895550384392571175e-01	1.443987257636001054e-01
5.800598838651636470e+04	-2.528492297113221099e+00	1.438827970200503847e-01
5.800810831114782923e+04	6.382567826441132297e-02	1.329697365301743817e-01
5.801310458372735593e+04	9.034341187074481638e-01	1.386338982711713130e-01
5.801499921115241887e+04	8.395149147463172312e-01	1.649588185574492327e-01
5.801695314250135561e+04	9.142215087912219929e-02	1.589754548134053869e-01
5.801790709382812929e+04	-4.254440663023579816e-01	1.301438404118374081e-01
5.801887257521833817e+04	1.302215965688933608e+00	1.360242497943364437e-01
5.802387091736177535e+04	1.478315438663358350e+00	1.412085311932269605e-01
5.802712266330412967e+04	3.314413795626091286e+00	1.287971510573691913e-01
5.802789690835672081e+04	2.206824139881891966e+00	1.332302009119288033e-01
5.802906923905935400e+04	9.487511810303885795e-01	1.267680619850988233e-01
5.803000061945877678e+04	-8.403977186641142794e-02	1.558475870264064145e-01
5.803100102827463706e+04	-1.151562816071951545e+00	1.554563592452080922e-01
5.803196327234658384e+04	-1.778756254844111595e+00	1.564323122688643652e-01
5.803318213040917908e+04	-2.311945270221656301e+00	1.419764772634019845e-01
5.803387967820305494e+04	5.648052663271769802e-01	1.350689208283592235e-01
5.803486969439618406e+04	1.201433326953843306e+00	1.391936118922223742e-01
5.803698617072702473e+04	5.878880819186456108e-01	1.574571083076453659e-01
5.803792937381575030e+04	1.138396024772053039e+00	1.598425371910031367e-01
5.804407253705216135e+04	5.362785107886480773e-01	1.732732749217785750e-01
5.804597763431921339e+04	-9.845911603802299794e-01	1.649458344029439139e-01
5.804701767838619708e+04	-7.584307453501430984e-01	1.631000315826504898e-01
5.805196149708291341e+04	8.789062490369765612e-01	1.704103657817148398e-01
5.805700292162036931e+04	-5.628673401232511253e-01	1.651376980102452208e-01
5.805814940696267149e+04	-8.929941770276705881e-01	1.681179624904509673e-01
5.806010473496841587e+04	-7.248900878071040665e-01	1.665949259370183566e-01
5.806093500006942486e+04	-2.681840901143068834e-01	1.681136047569381786e-01
5.806812153855273937e+04	-8.270147011860622399e-01	1.601493491115734136e-01
5.813713556013906054e+04	1.040322774779891546e+00	1.100952895438983004e-01
5.816417043294863106e+04	2.998655834564729616e-01	1.951902674448409147e-01
5.816514688102939544e+04	-1.413517143951292354e+00	1.927519221705764341e-01
5.817104123197635636e+04	-1.547638307693308235e+00	1.316799500933747702e-01
5.817192225493733713e+04	-6.801723987159249418e-01	1.382087774669230329e-01
5.817894650722530787e+04	-7.400263064238359334e-01	1.342069020384914768e-01
5.818310274107517762e+04	2.471957141511325062e-01	1.319664835724469187e-01
5.818598675838331837e+04	-8.776186386623407998e-02	1.325006401457852756e-01
5.818790273916888691e+04	-1.860099513822088824e+00	1.386795289718568691e-01
5.819001722713754134e+04	1.497852385543652076e-02	1.315542457932495080e-01
5.819087691948243446e+04	2.132523789664872993e-01	1.442859604459612866e-01
5.819318007645104808e+04	-2.751049956068385427e-01	1.384720720654393500e-01
5.819497290362166677e+04	-1.235652411792351302e+00	1.333844309563172736e-01
5.819594082015599997e+04	-1.298308951119693688e+00	1.345342727779831882e-01
5.819821083112875203e+04	-1.283845417648045384e+00	1.408479994918500344e-01
5.819991621487624070e+04	-1.957125148542239401e+00	1.358474765675614093e-01
5.820119434392870608e+04	-4.484416503243444652e-01	1.384817256913380423e-01
5.820699058631485968e+04	-1.790573896237319218e+00	1.979434601624542045e-01
5.820887948414850689e+04	-2.575264305719677793e-01	1.421582226061677834e-01
5.821099344881344587e+04	-7.200757792317915573e-01	1.328676134579196977e-01
5.821393219517875696e+04	-3.771931628390348124e-01	1.410686166489824866e-01
5.821507141857135139e+04	8.446755521206128492e-02	1.383541691485167813e-01
5.821693356959568337e+04	-3.309051424105255990e-01	1.417169920660296956e-01
5.821787582847628801e+04	-1.190358120411442400e+00	1.494992625568079547e-01
5.821905452689331287e+04	-8.193784786942224230e-01	1.380862535691182169e-01
5.822010736412060942e+04	-1.616560495140884512e+00	1.397409121109508823e-01
5.822113079341305274e+04	-2.339383528920837563e+00	1.411524094680126351e-01
5.822299637705719942e+04	-2.183442734721730005e-01	1.389224029911295399e-01
5.822409910260100150e+04	-1.763851373656034838e+00	1.395978720554808261e-01
5.822504520864300866e+04	-2.191335927728204069e-01	1.390343656797453364e-01
5.822707822482920892e+04	6.958744742601119526e-01	1.394956337653764089e-01
5.823305634534436103e+04	-1.700117986299616746e+00	1.392951280504879374e-01
5.823399857410270488e+04	1.455329760283454732e-01	1.391392038974077205e-01
5.823490558656115172e+04	-1.851486066635175121e-01	1.445566598328721364e-01
5.823694609524506814e+04	-1.350733366549469849e+00	1.400802043265225449e-01
5.823805601080522320e+04	-4.856050957897650733e-02	1.387170574659776501e-01
5.823907104207040538e+04	-7.320770353798025099e-01	1.398791287246789750e-01
5.824200286392862472e+04	-1.260996905973708948e+00	1.402655986052029347e-01
5.824301855278470612e+04	-8.393919477898883486e-01	1.393556256910595537e-01
5.824592905966512626e+04	-1.985442515185585677e+00	1.426517759163878074e-01
5.824705303038441343e+04	-4.768200857565467743e-01	1.398495635609028065e-01
5.824811403371203778e+04	2.979425579884420472e-02	1.395602289194691481e-01
5.824898641924573167e+04	4.059087321353231914e-01	1.386586084394097751e-01
5.825188581712599262e+04	6.359590240637906788e-01	1.447559649097975576e-01
5.825302387643499242e+04	-5.772086554126616420e-01	1.396970520638885771e-01
5.825510544721495535e+04	-2.606071791274189309e-02	1.405689805965413264e-01
5.825612456021997059e+04	-4.279545251895733315e-01	1.408436498553784222e-01
5.825688248817014392e+04	-5.581305192151368999e-01	1.477169373705500832e-01
5.825810658321873052e+04	5.476007921837577896e-02	1.401849773643312480e-01
5.825888484793445241e+04	-8.291369710767142465e-01	1.495700662293885375e-01
5.825988698116596788e+04	-7.259963755408769259e-01	1.472556650176989890e-01
5.826687342751499818e+04	1.302926811405484386e+00	1.485104989674934373e-01
5.826814811027782707e+04	2.935464289148548289e-01	1.422716791291007421e-01
5.827001488482520654e+04	-6.160641659228041078e-01	1.400073311914529772e-01
5.827110663969261805e+04	3.513835004367926729e-01	1.411616265315187857e-01
5.827184137640391418e+04	-1.064468120093621906e+00	1.552312097389915158e-01
5.827285631984813517e+04	-2.109478826586119737e-01	1.506317953297264256e-01
5.827410119866322930e+04	-4.977802874101726616e-01	1.402631690390174490e-01
5.827509998600851395e+04	-2.863805627359923278e-01	1.406593107999423997e-01
5.827613000469705003e+04	-4.392606574939321717e-01	1.409201355721138860e-01
5.827696592961745046e+04	-7.444549168904543990e-01	1.394422886919987337e-01
5.828322397996400105e+04	9.357965375696544186e-01	1.506365104394874754e-01
5.828512078549541911e+04	2.723669088983911024e-01	1.419527962529493759e-01
5.828696884103813500e+04	2.112572144334770030e-01	1.401086517928352426e-01
5.828912543535865552e+04	-3.819293901480271813e-01	1.426487701290756749e-01
5.829002051496940840e+04	-6.142149525336577653e-01	1.401322058512524393e-01
5.829098511244853580e+04	2.130503748875760550e-01	1.401668601084737897e-01
5.829207795070838620e+04	3.363911092660423208e-01	1.407355682494077775e-01
5.829313908436211932e+04	-5.842519752987413995e-01	1.414975830857696237e-01
5.829413378038530936e+04	5.890091508942738585e-01	1.416731223402695750e-01
5.829796782897082448e+04	-3.841656553021124409e-01	1.398110735162512719e-01
5.830010058163906797e+04	-1.031503266741108149e+00	1.407438793477111816e-01
5.830387574614842742e+04	-1.284876633151824876e+00	1.903071919949436974e-01
5.830512216345397610e+04	5.383564984395547981e-01	1.674295586454807860e-01
5.830620730980112421e+04	2.378462764537161434e-01	1.466808016376947299e-01
5.830689431039030023e+04	1.572225559040795417e+00	1.464183353584181391e-01
5.831311992467886739e+04	-1.934186369963413199e-01	1.466799363479786289e-01
5.831386587794029037e+04	-2.194765530136102427e-01	1.565805546994624708e-01
5.831509207824336772e+04	-1.411483213374381762e+00	1.461341740550118617e-01
5.831591425744770095e+04	-2.036899426694954940e+00	1.502498543439332312e-01
