BJD	Res	err
5.722218249587630999e+04	-3.331335456512647397e-01	2.421892312819752258e-01
5.722391687116972753e+04	5.777173337194625447e-01	2.289541518369341555e-01
5.723295181496451551e+04	6.405940160921375082e-02	2.280637939386934987e-01
5.723413024166393006e+04	-9.384486222066925620e-01	2.257924539646047057e-01
5.723496810407444718e+04	-2.409379091674423989e-01	2.270806832965007460e-01
5.723608891514118295e+04	4.640884734200767525e-02	2.234671470293437545e-01
5.723785161063043779e+04	-2.368109307038395173e-01	2.514907020961793527e-01
5.723907750609017239e+04	8.717246022995084331e-02	2.264963282522208521e-01
5.723992076011531753e+04	-3.654694487156007199e-02	2.342238969744510346e-01
5.724196113980243535e+04	-1.250377760055698673e-01	2.373880125867025292e-01
5.725198008409460454e+04	-6.652020587938523022e-01	2.252283299920853910e-01
5.725287920852556999e+04	1.633016357368290983e-01	2.374066149605860987e-01
5.725392418441180052e+04	4.538774753536074513e-01	2.326059197945850865e-01
5.725511323002979771e+04	-8.572305725705149371e-01	2.295644870785346070e-01
5.725588684520369861e+04	-3.108593015886924604e-01	2.429513294744727325e-01
5.725914204134904867e+04	-1.487066891011608050e-01	2.284895797801007322e-01
5.726113331115732581e+04	4.302028539859890088e-01	2.273732104045987912e-01
5.726193471214175224e+04	4.966664289479325589e-01	2.360807457293105094e-01
5.726316294601008121e+04	-4.228242670565549588e-01	2.295032800374976478e-01
5.726397461389168893e+04	-8.283682833035328485e-01	2.312927188845298188e-01
5.726505711788827466e+04	2.556085927413960235e-01	2.295254516130509348e-01
5.726613164115887048e+04	4.223542440096963446e-01	2.306875245565482013e-01
5.726691520497083548e+04	-1.551005676990513393e-01	2.449599926329510680e-01
5.726786173013692314e+04	-7.570938001399980521e-01	2.487916204842890722e-01
5.726899904854912165e+04	-9.251506026153322182e-02	2.263480940540980590e-01
5.727003197692429239e+04	5.058784268108951210e-01	2.295148366989823441e-01
5.727108115630353859e+04	-5.553822343370029557e-02	2.299805166989797589e-01
5.727293564436733868e+04	3.220438024584382219e-02	2.407809715616784640e-01
5.727404854122327379e+04	4.603603134778211370e-02	2.354722103192583293e-01
5.727512443259388965e+04	-3.435145207883039120e-01	2.310892825066630796e-01
5.727799895966020995e+04	4.377625187907199233e-01	2.315015794535501825e-01
5.727914781264035992e+04	4.051674664758593281e-01	2.354812002201237542e-01
5.728009598712627485e+04	-2.826043993443079216e-01	2.319863478503593479e-01
5.728094982365499891e+04	-5.737635198316439755e-01	2.361324106261674383e-01
5.728206901844918320e+04	-3.076337243412439193e-01	2.307277723198144503e-01
5.728313381301489426e+04	-2.360208055031876029e-01	2.328683769189144603e-01
5.729290288893938850e+04	2.630998320473736385e-01	2.469975507924217772e-01
5.729399593177351926e+04	4.117221789897627104e-01	2.351103101515944760e-01
5.729486595496555674e+04	-4.984970049224699551e-01	2.533498213208029148e-01
5.730110538716134761e+04	3.113812154523287745e-01	2.637488463312896436e-01
5.730200421928437572e+04	2.953434732378781291e-01	2.260973358962653501e-01
5.730292134819882631e+04	-9.727723301902528874e-01	2.392607257450469482e-01
5.730411825520274579e+04	1.036372425549672016e-01	2.295475294686412093e-01
5.730694149808207294e+04	-3.042522028313925375e-01	2.339386503060224276e-01
5.730803354676790332e+04	-2.544414834542578774e-01	2.258791717434268931e-01
5.732195510678999563e+04	4.747266526413511656e-01	2.249439998478941216e-01
5.732393824093314470e+04	3.520018508307174443e-01	2.275780016290738228e-01
5.732503690046801057e+04	-5.038969613455890340e-02	2.224498441926131276e-01
5.732602413406591950e+04	-2.732904416174051221e-01	2.214012169297621957e-01
5.732791467010226188e+04	-2.786767797622076159e-01	2.351460179737770995e-01
5.732892672839445731e+04	9.802112145978014723e-02	2.313637660167795207e-01
5.733014761128581449e+04	-8.555758038131386911e-01	2.304470035346635193e-01
5.733089984056852700e+04	-1.968447926215901589e-01	2.377443285704150810e-01
5.733196093302501686e+04	1.274167605235163592e-01	2.246496625875575859e-01
5.733296084970870288e+04	4.568536854961706695e-01	2.245153996598886204e-01
5.733409681480474683e+04	7.958178618155358208e-01	2.239665585356479804e-01
5.733490896242979943e+04	-1.197054439654010594e+00	2.387090192975763747e-01
5.734501944719991297e+04	2.098125814147664414e-01	2.258203858451659218e-01
5.734695019914199656e+04	-7.184466253710297678e-02	2.303784391636905238e-01
5.734791556843950821e+04	-2.412146516389839235e-01	2.374988231331209010e-01
5.734997599724294560e+04	6.829495939447554065e-01	2.261986603095026693e-01
5.735117235232754319e+04	-5.687858317529332908e-01	2.454104918988947448e-01
5.735307491231716995e+04	-6.754535003237833735e-01	2.323631497716628080e-01
5.735491036255299696e+04	3.689712221793541858e-01	2.472497679538085968e-01
5.736092306400713278e+04	-6.527848491919883145e-01	2.445731862318039906e-01
5.736797031061255257e+04	2.074771235399168745e-01	2.352513788559769115e-01
5.737199894209040212e+04	-7.789610992621476271e-01	2.390086516806708694e-01
5.737910503113822779e+04	3.475081494779601599e-01	2.399396273364346743e-01
5.737996942719434446e+04	7.929000725482637790e-03	2.419427497075271605e-01
5.738097406124865665e+04	-7.436439822370886077e-01	2.411191511461805714e-01
5.738614630625353311e+04	7.285345946564802944e-01	2.451819466539804093e-01
5.738694872872376436e+04	5.442692129042114857e-01	2.441281073255151535e-01
5.738800573108796380e+04	-2.667821966565355751e-01	2.361965167651444986e-01
5.739108672644887702e+04	-2.910266033425585874e-01	2.375992519843309336e-01
5.739415124080735404e+04	-7.467143105057658659e-01	2.447852457803787185e-01
5.739493107354779204e+04	-1.512357867111120413e-01	2.492114736950870324e-01
5.739607887145155837e+04	1.904286616365453710e-01	2.373060913451529308e-01
5.739706415438615659e+04	-1.726209222299814883e-01	2.365020711451294444e-01
5.739810578269722464e+04	-7.637312052492006842e-02	2.375795862548002180e-01
5.739906009629162145e+04	1.680860083607598199e-01	2.352909745982257050e-01
5.740593707657718187e+04	-6.045318837014406199e-01	2.509414295616715918e-01
5.740711138087360450e+04	4.706944601164906317e-01	2.385729941503596796e-01
5.740817011640279816e+04	-4.710485065950251737e-01	2.471393444536068851e-01
5.741299663055427663e+04	-2.534605178002919956e-01	2.391164679402948412e-01
5.741416605086105119e+04	-1.346246919553095722e-03	2.535958329816849766e-01
5.741799256408346992e+04	-4.850559933470890428e-01	2.383188637662673193e-01
5.741904987369654555e+04	4.535133457345921215e-01	2.356266607303492966e-01
5.742413049091137509e+04	-8.716109636925324367e-01	2.417146106540026818e-01
5.742800451114343014e+04	1.866474129083286471e-01	2.506723616671880372e-01
5.742892523945621360e+04	-6.638481993701219608e-01	2.668182552034725208e-01
5.743011207076595747e+04	-1.661860681703757336e-01	2.410266444730548852e-01
5.743097354154312779e+04	3.708548678266225807e-01	2.389044161909530117e-01
5.743316270496119978e+04	1.719631101632899117e-01	2.424544391966680090e-01
5.743402745144344954e+04	3.170300290608736304e-01	2.355854873277835881e-01
5.743601480222826649e+04	-5.310515248991265480e-01	2.362253500387364313e-01
5.744008916997300548e+04	2.934861082095920892e-01	2.366132092062318282e-01
5.744504099954455887e+04	3.535394002879854725e-01	2.359449794877651607e-01
5.744591617324696563e+04	-8.112179028479999943e-01	2.525412135604475639e-01
5.744800385529352934e+04	4.260225818100593642e-03	2.371896712745484581e-01
5.744899632747523719e+04	8.725808459652029114e-01	2.346286564973142641e-01
5.745103549944573024e+04	-5.309359210461792600e-01	2.660813505116296773e-01
5.745304763160986477e+04	-4.743349075256162450e-01	2.403705417423406265e-01
5.745398585761812137e+04	4.729341911124294029e-01	2.396556617177242055e-01
5.745509054588233994e+04	-6.552497993706225543e-01	2.393992223240448691e-01
5.745592368632012949e+04	-6.488023556627808830e-02	2.508923456228182025e-01
5.745699621605428547e+04	-1.760038943646691223e-01	2.379801030680451512e-01
5.745802519235028740e+04	2.790564906179753280e-01	2.394007023504059750e-01
5.745902206285212742e+04	-8.814798334933016122e-02	2.366904671971001572e-01
5.746200396878796892e+04	-1.792201254408212208e-01	2.383458187225941660e-01
5.746320205369657924e+04	-9.482658558528100912e-02	2.520432532792560854e-01
5.746493027957682352e+04	1.455387801993310859e-01	2.576568423600449909e-01
5.746995706212560617e+04	-5.246662370395540620e-01	2.485085172025278955e-01
5.747395297524705529e+04	4.885315220589063756e-01	2.489486268176348271e-01
5.747488267371329130e+04	-8.904531292093196271e-01	2.629057906610227091e-01
5.747611970442417805e+04	-2.832741496922039914e-01	2.443286219045801566e-01
5.747689647744099057e+04	1.626115259936966595e-02	2.596588226240078567e-01
5.748217096708052122e+04	2.675892128399652847e-01	2.435059587502655942e-01
5.748505026291837567e+04	-8.027414637284380206e-02	2.349671273271068117e-01
5.748612088859878713e+04	3.543206640627261095e-02	2.374869973626070607e-01
5.748705030144679040e+04	-3.436409504519843949e-01	2.354821994216803882e-01
5.748807654627154261e+04	4.186812370978998388e-02	2.348470212302079529e-01
5.748902045974098291e+04	-1.694883365356503191e-01	2.367207260115280210e-01
5.748987418026379601e+04	-7.977656345115207159e-01	2.552629306380252427e-01
5.749110286336443096e+04	4.017983316563800145e-02	2.365046095993764419e-01
5.749812560411560116e+04	4.858607588300714042e-01	2.378167768505159430e-01
5.750202758616731444e+04	3.666368558452717252e-01	2.369103739161373678e-01
5.750292689647042425e+04	-4.400025885993983366e-01	2.469852103620539252e-01
5.750718162785549066e+04	-1.121423891369772718e-01	2.461770608489913525e-01
5.750802047395486443e+04	-3.606265540448703177e-01	2.378548041386572276e-01
5.750902094199061685e+04	1.586959091359290142e-01	2.379982446121057527e-01
5.751010377570117271e+04	-5.986751010497926018e-02	2.366657382324200698e-01
5.751194102935169940e+04	1.297983807507563370e-01	2.450900093771980204e-01
5.751285670481258421e+04	-1.103324297043570823e-01	2.612476630733355232e-01
5.752212781735960743e+04	-1.321721170521499289e-01	2.480819358582980749e-01
5.752306670361200668e+04	1.994520048182408800e-01	2.436267252438722997e-01
5.752586391983911017e+04	-5.689046120082679181e-01	2.617474171190657395e-01
5.752706403318127559e+04	-2.490877661095254325e-01	2.465736906542313200e-01
5.752806301495146181e+04	-2.726112848466897276e-01	2.455862973314979492e-01
5.752891144702566089e+04	-1.017935724406981990e-02	2.543763726723117236e-01
5.753207976665233582e+04	1.624812466229741403e-01	2.455793983807173231e-01
5.753284654377615516e+04	5.223116472772915131e-02	2.673315912126678628e-01
5.753391784759531583e+04	2.820378199606636827e-01	2.553039435513838051e-01
5.753488145590903150e+04	-5.854211469249293032e-01	2.579723121795624574e-01
5.753602114932166296e+04	3.149648749138549420e-01	2.467451272367260084e-01
5.753714581971090229e+04	-2.560774901019442495e-01	2.496646238748206903e-01
5.754407358966911852e+04	-1.534869670557554855e-01	2.472563412321638621e-01
5.754487218439547723e+04	-5.995211333360401795e-01	2.635704459376113640e-01
5.754595904663584224e+04	4.957971805946357335e-01	2.529279374088779231e-01
5.754701727574120741e+04	-1.872999982392116181e-01	2.528357494027686503e-01
5.754822849380992557e+04	-2.213926394114906770e-01	2.651933179306155686e-01
5.754909622867717553e+04	3.467980162717054782e-01	2.484232188318055978e-01
5.754994140885226807e+04	-8.287427562038374163e-03	2.553881721338766564e-01
5.755104363625435508e+04	6.429901448927921592e-02	2.497920563990727594e-01
5.755202815382521658e+04	-4.541032006980714186e-01	2.516282785353491924e-01
5.755299955529756699e+04	3.060740897887939127e-01	2.513422008821805109e-01
5.755400356239650137e+04	8.653146786626564335e-02	2.502684167395577419e-01
5.755491395682939765e+04	-8.150970215640711558e-01	2.581196512328695625e-01
5.755587727620040823e+04	-2.381560232995667548e-01	2.639513966290069624e-01
5.755706548580297385e+04	2.068114172032124998e-01	2.496858322070129033e-01
5.755802393437797582e+04	-2.565511027071067929e-01	2.500131155591464593e-01
5.755991654791399924e+04	8.506313479951188583e-02	2.617123211717619635e-01
5.756091147412321152e+04	-1.691366329344958785e-01	2.790906967600890742e-01
5.756211001873706846e+04	-3.463320099719311429e-01	2.664669232065920990e-01
5.756715466868032672e+04	-4.599546175573721030e-02	2.548673236307338885e-01
5.756812919920565037e+04	-8.845613420116649195e-02	2.527695645920105538e-01
5.756925132112118445e+04	-1.004025277283346895e-01	2.758477679699952168e-01
5.757114246390038170e+04	6.842677508188899083e-02	2.548493649808656891e-01
5.757196904835025634e+04	-2.580025561313590288e-01	2.567056687783427216e-01
5.757303913045299123e+04	-1.219344819372878419e-01	2.529145454853854447e-01
5.757398506101049861e+04	-2.596081501591100960e-01	2.542645185699961008e-01
5.757710565541387768e+04	1.012361179705578706e-02	2.526881550382154007e-01
5.757802457860420691e+04	-5.745730692146366891e-01	2.525285210999141383e-01
5.758207341696273215e+04	-5.711171917302948486e-01	2.518842279268235229e-01
5.758290074503495271e+04	-4.039104210898472047e-01	2.788947684813048444e-01
5.758505369772802806e+04	1.469753539754208305e-01	2.748527238665280925e-01
5.758619458747888712e+04	-2.339685805432623056e-02	2.906337012838072775e-01
5.758716493511012959e+04	-1.377125115479458373e-01	2.570744609032394323e-01
5.758802168761626672e+04	-4.340320618863273694e-01	2.550361252879593255e-01
5.758888113703740964e+04	8.170639125592060736e-01	2.781099635071489495e-01
5.759106345508817321e+04	-3.578369765063769137e-01	2.958878179463134139e-01
5.759196758506730839e+04	-3.320974152753137787e-01	2.981487312162090508e-01
5.759304090815815289e+04	1.857058579316799296e-01	2.674088709060239988e-01
5.759395444633371517e+04	-1.786382245020092796e-01	2.747735191829914769e-01
5.759684970819564478e+04	-3.978064417443647471e-01	3.440233450528045189e-01
5.759790455097411905e+04	2.508679296540066161e-01	2.901107506302912364e-01
5.759885786198528513e+04	-4.346206262338228044e-01	2.895754917552155194e-01
5.760010594305113773e+04	-3.648195453828435575e-01	2.768432833148811167e-01
5.760091518600507698e+04	-7.129288145709722357e-02	3.022005068444380549e-01
5.760204808159654931e+04	-4.763100444947667711e-01	2.587926980906929963e-01
5.760293135218974203e+04	9.709083112499854451e-01	2.635046570663039378e-01
5.760385330721769424e+04	-4.811982780577039875e-01	2.764069116893193567e-01
5.760500418120237009e+04	-1.952679954439133780e-01	2.824278657382338631e-01
5.760685064644357044e+04	-5.254888088256848278e-01	3.644837403690457944e-01
5.760784435736531304e+04	5.592234081049696215e-02	3.125390777084749439e-01
5.760899418960297771e+04	5.713941433125881986e-01	2.620021731443747393e-01
5.761002709803861217e+04	-8.680139489237461703e-01	2.728607365026733400e-01
5.761397224106359499e+04	-8.112519328784344452e-01	2.674709484430697337e-01
5.761488052381110174e+04	-2.036251206286436854e-01	2.678429791515172242e-01
5.761700769548760582e+04	5.710627813560904542e-01	2.541542220974837840e-01
5.761803083072757727e+04	1.132048263403930832e-01	2.538170826999517904e-01
5.761910084565499710e+04	-1.192855554439518073e-01	2.505376021433188272e-01
5.762014512969579664e+04	-5.863466048595853408e-01	2.559723870312859417e-01
5.762101336721856205e+04	2.854297104942702390e-01	2.542812851200502711e-01
5.762295897651654377e+04	1.937538790499075958e-01	2.699571204804175895e-01
5.762399710704420431e+04	-1.738923294049925516e-01	2.667606407495032861e-01
5.762613711658005195e+04	-2.172724274301742753e-01	2.539505689190934556e-01
5.762711244403936871e+04	-1.960306927040278424e-02	2.527504375312866203e-01
5.762792555841694411e+04	-7.100310958810922557e-01	3.253757109383883517e-01
5.763014019060130522e+04	-5.705620454883728598e-01	3.046162942107616955e-01
5.763102223904115817e+04	6.788763839449245552e-01	2.645434786989804832e-01
5.763422346636503062e+04	-5.705863893284259802e-01	2.759103593793357234e-01
5.763588511679249496e+04	-8.233667343114774440e-01	2.739461994728825123e-01
5.763705418471936719e+04	1.110907675146961537e-01	2.552528814140411217e-01
5.763805222087709262e+04	4.943943996725153056e-01	2.538056595213498134e-01
5.763908896134346287e+04	-5.711968180023632158e-01	2.575344596387275642e-01
5.764012662455676764e+04	1.041077449628460272e-01	2.601598615481652832e-01
5.764113491525562858e+04	1.734669340846579644e-01	2.614870511602756520e-01
5.764215998658012541e+04	-9.503493299497733915e-02	2.602021583716213615e-01
5.764406767281886277e+04	7.361107627086482807e-02	2.666253175391935515e-01
5.764516455296331696e+04	-3.807560366705757815e-01	2.673550190422159245e-01
5.764608565801179066e+04	7.074066627157691300e-01	2.503516851291583412e-01
5.764714667590917088e+04	-3.419178799119748646e-01	2.545612137092975735e-01
5.764786274857041280e+04	-9.302310999142235914e-01	2.749208235861101968e-01
5.764905393577834184e+04	-1.304694188249726494e-01	2.514624602938133058e-01
5.765008464869584714e+04	-2.098844436163318505e-01	2.520347799922906806e-01
5.765102943475004577e+04	2.501546284933198194e-01	2.520897381285474581e-01
5.765389978566686477e+04	-9.356099951954064409e-01	2.675119073019853189e-01
5.765509361630025523e+04	2.830138125016929962e-01	2.506357249632977235e-01
5.765601933330369502e+04	4.701475100716123734e-01	2.514038055408465144e-01
5.765695122422647546e+04	-2.904215971122283690e-01	2.563426758744414280e-01
5.765788263197246852e+04	1.337667285176848964e-01	2.698892989080006743e-01
5.765889512496081443e+04	-7.254211271985866460e-01	2.670357694366381485e-01
5.766096116685865127e+04	1.424145036934305608e-01	2.595227007587492807e-01
5.766397501984203700e+04	-5.307788969206796992e-01	2.517418395158212419e-01
5.766809669133147690e+04	-7.374630471929037867e-01	2.563524478445347032e-01
5.767113183184869558e+04	1.136662052764307873e-01	2.568826261163240643e-01
5.767311278449150268e+04	5.124026854257124342e-02	2.548081576810861670e-01
5.767516679496151482e+04	-5.500393123747926438e-02	2.633513164833735654e-01
5.767592402414281241e+04	-1.733248541605689752e-01	2.706505605759574329e-01
5.769096347315367166e+04	-6.937335679380396414e-02	2.581340956743126136e-01
5.769988893022521370e+04	1.975150121342039711e-02	2.812843743881046632e-01
5.770093621725602861e+04	2.672377189227432837e-01	2.639381134334267687e-01
5.770214208906410931e+04	-6.536825465217503961e-01	2.648722450382080540e-01
5.770315391201513557e+04	-3.684110007783090168e-01	2.674114657340404544e-01
5.770408915387626621e+04	7.946356440653801201e-02	2.579430953004124283e-01
5.770601144931394083e+04	2.378087376803676989e-01	2.573672621946900274e-01
5.770914054572659370e+04	-2.154170316472772129e-01	2.703032147756264103e-01
5.771909878420423775e+04	-3.167876833690570493e-01	2.607065611737111044e-01
5.771999088318214490e+04	-8.466604769581920209e-02	2.603480128266283944e-01
5.772306707531688153e+04	7.588781368339425626e-02	2.597788657661694867e-01
5.772805388435740315e+04	-2.685892092567314648e-01	2.602356295804369446e-01
5.772904548832178261e+04	6.494765531832058514e-01	2.594436430417469963e-01
5.773105045942693687e+04	-3.602727718649560984e-01	2.597211187920297482e-01
5.773314386187310447e+04	-5.063159061437403352e-01	2.683256925717985020e-01
5.773400620847655955e+04	1.699197814769348724e-01	2.568727738495574786e-01
5.773600952689809492e+04	-4.171046689556732190e-01	2.568711174834657496e-01
5.773697794537823938e+04	-6.839687359067170291e-02	2.436038798902894209e-01
5.773807017627986352e+04	-1.227483275565077747e-02	2.535027438810764644e-01
5.773903011463936127e+04	-3.936346199105145161e-01	2.537274204633920838e-01
5.775005882862828730e+04	-4.213790662641656581e-01	2.822189957086656542e-01
5.775700438329733879e+04	-4.111629874902718029e-01	2.576279697860776596e-01
5.775997528764689923e+04	-1.401322211641229387e-01	2.699965981776970003e-01
5.776300933560136036e+04	-4.619116425105573853e-01	2.623779533060227043e-01
5.776408968651931355e+04	3.354143241757014948e-01	2.599084330886199390e-01
5.776913625712603971e+04	2.102456376201189414e-01	2.704986563824968715e-01
5.777009135582054296e+04	-3.719772165403156805e-01	2.640167396687174151e-01
5.777293055611798627e+04	7.543101540781833592e-01	2.798035240795012646e-01
5.777394901874445350e+04	-9.203146650678064589e-01	2.774731510498475995e-01
5.777497904243520316e+04	-6.584282349019474623e-01	2.660903958225991350e-01
5.777706281731610216e+04	3.411471594456827461e-02	2.613835518171929162e-01
5.777813123728211940e+04	1.392012928727552890e-01	2.657569400041728813e-01
5.777891405756099266e+04	-4.800808959210627336e-01	2.814835566238120257e-01
5.778802617254096549e+04	-2.102876119323440207e-01	2.622924092397371232e-01
5.778892426221027563e+04	-1.001938194158924489e-01	2.773263014358728351e-01
5.778991683228460170e+04	-7.699764992528486118e-01	2.802027054035403641e-01
5.779095278108432831e+04	3.396466430806839298e-01	2.698111056942524844e-01
5.779292761839699233e+04	-4.655829980541597024e-01	2.758741426769825700e-01
5.779390830304966948e+04	-3.903580512012609915e-01	2.840580613065199489e-01
5.780006344296762836e+04	-4.601242345799505529e-02	2.587709864528615067e-01
5.780217658614294487e+04	-3.947369789285488650e-01	2.823195832762507851e-01
5.780507614031344565e+04	-1.004164787238011058e-01	2.598835437706442097e-01
5.780806787405959767e+04	-5.813101575419352685e-01	2.667289894908196901e-01
5.780995381871834252e+04	-1.048172495154062744e-01	2.758768774200660578e-01
5.781115524452966201e+04	3.000966971735152811e-01	2.717853892103033742e-01
5.781213806839407334e+04	-3.752486383676085779e-01	2.695978331899119840e-01
5.781304378089933743e+04	-3.206357729192461647e-01	2.705410091440729747e-01
5.781397608129892615e+04	-1.494931542138004943e-01	2.687377162660207208e-01
5.781497422163018928e+04	6.839533161949162832e-01	2.790475394091945782e-01
5.781608449202714837e+04	-5.301611366227803046e-01	2.680405390880225558e-01
5.781700966368814989e+04	-1.086910551234439026e-01	2.693297922497663310e-01
5.782005879948742950e+04	-2.488973447057674093e-02	2.735199408789196762e-01
5.782094744623149018e+04	-6.387978628535933012e-01	3.099123155170827038e-01
5.782188723713688523e+04	-4.260360183012323887e-02	3.359784677290655330e-01
5.782514033768785157e+04	-4.716306120048869843e-01	2.741282536065928754e-01
5.782597839734247100e+04	3.935792547300707156e-01	2.708008144561568353e-01
5.782900293020263780e+04	-4.565105114744909542e-01	2.778406292974317515e-01
5.783604429138623527e+04	-7.181408463698915057e-01	2.625966613112586390e-01
5.783709451088165224e+04	1.115951104513897008e-01	2.624887767490783896e-01
5.784007879471089109e+04	-6.460995166216463303e-01	2.639865234458269594e-01
5.784096309641345579e+04	-1.566276987699666279e-01	2.687998820787437237e-01
5.784507401843608386e+04	-6.389874604066960728e-01	2.675690211958517417e-01
5.784596712586918147e+04	6.555590030036171356e-01	2.709269574213721832e-01
5.784686326089099020e+04	-7.187655538972137492e-02	2.912161387419530678e-01
5.784812825979183253e+04	-1.812854597888247099e-02	2.653314497631633628e-01
5.784904649030935252e+04	1.489705779517862538e-01	2.638052306772400990e-01
5.784989198031750129e+04	-2.350870455769040746e-01	2.736140946148454822e-01
5.785106828216116264e+04	-4.402049069169038376e-01	2.591390958251348908e-01
5.785190580795949063e+04	1.347406098918355610e-01	2.692468693628877197e-01
5.785305033214913419e+04	-5.086539709679556154e-01	2.602112105520803520e-01
5.785589736191210250e+04	9.852037254067624872e-02	2.801184980197960472e-01
5.785703197202116280e+04	-1.261909683127697690e-01	2.521940302788348021e-01
5.786004504380821891e+04	-9.417284496798572491e-02	2.685200779564217433e-01
5.786098986210121075e+04	3.907832623039979580e-01	2.765748056157013024e-01
5.786196940857401205e+04	-1.213143922882409242e-02	2.473643520120351325e-01
5.786284707662161236e+04	-8.523873272346804697e-02	2.740608021151129670e-01
5.786510376951314538e+04	5.967003596416020628e-02	2.463758862875189692e-01
5.786600600285922701e+04	-3.108233415483852013e-01	2.464094684667058888e-01
5.786701583195257990e+04	-2.189990947022124601e-01	2.452647032496365898e-01
5.786796154229143576e+04	3.035141112410286723e-01	2.482054613686589528e-01
5.787486559782475524e+04	-1.644142686650695850e-02	2.693569435050866545e-01
5.787586296091316763e+04	1.000871481586784739e-02	2.687430973781217980e-01
5.787906093803044496e+04	-1.321973604107995470e-01	2.472231418395777203e-01
5.788096916964261618e+04	4.249606291602532337e-01	2.484412333113183990e-01
5.788710114679319668e+04	-3.953022769906624490e-01	2.477973855250653612e-01
5.789213433571685164e+04	-2.967439783041356804e-01	2.497555225313778104e-01
5.789508494481393427e+04	7.240977550154070741e-03	2.476304531164723599e-01
5.789609687557845609e+04	-5.056491296588916384e-01	2.486584771137911043e-01
5.789786975373266614e+04	4.455689376570575178e-01	2.678863756850182187e-01
5.789914696685454692e+04	1.972750341376183769e-02	2.507917164920346331e-01
5.789987678014318954e+04	2.422004149243548454e-01	2.652725717431182462e-01
5.790188797094691836e+04	-4.744882275566340013e-01	2.631005432265559052e-01
5.790286238781029533e+04	6.860007997212846931e-02	2.681903532388803524e-01
5.790509026045659994e+04	2.899935419190597941e-01	2.479850296540688503e-01
5.790611758595244464e+04	-6.392973642435322290e-01	2.489213656804759867e-01
5.791303726735641976e+04	2.198098768804044312e-01	2.481319337714606166e-01
5.791701506907041767e+04	6.226306902851774794e-01	2.499557100218832428e-01
5.791788348280022910e+04	-7.663794968027843879e-01	2.654170428404117321e-01
5.792015776820814062e+04	-1.080674087307471609e-01	2.533114622802100091e-01
5.792088053501294053e+04	-4.618552100651243109e-01	2.670912978692597251e-01
5.792311779988094349e+04	-1.913559999863281291e-01	2.494343611336415079e-01
5.792502312010402238e+04	-2.097698778349865734e-02	2.492817940157610324e-01
5.792597680593211408e+04	-5.959732651693627759e-02	2.587783103025712017e-01
5.792702269402758975e+04	-1.780997837170303910e-01	2.987705059357338988e-01
5.793090886714436783e+04	-4.193913190954674519e-01	2.951680399317486159e-01
5.793312230700624787e+04	4.872005615515746513e-01	2.614790725810203220e-01
5.793404583298163197e+04	-3.641831770132029078e-01	2.545356313418529748e-01
5.793607847822301846e+04	1.818840545489592841e-01	2.543818862454357288e-01
5.793703376391971688e+04	-1.629685925097703603e-01	2.555275993347733143e-01
5.793810649623571226e+04	-3.287784414601446770e-02	2.554065350082615482e-01
5.793889684273618332e+04	-7.069369803103029426e-01	2.687541605944281931e-01
5.794012292767063627e+04	4.612815398676133327e-01	2.581725570750910137e-01
5.794492859977798071e+04	-5.851654177279925761e-01	2.617034047909407302e-01
5.794803614624623879e+04	3.408113007221516000e-01	2.556377112387592798e-01
5.794986811578823108e+04	8.957369609775867048e-01	3.598605969747217248e-01
5.795305489056517399e+04	-3.338017192711646430e-01	2.685809423930243800e-01
5.795393294025099021e+04	-1.906694100281214332e-01	2.613509427864619261e-01
5.795499742931004585e+04	-3.664745547347081356e-02	2.585965344741552596e-01
5.795604107060181559e+04	9.126547619455038785e-02	2.572777544636054015e-01
5.795700924723033677e+04	2.950617036000835469e-02	2.602246439085350027e-01
5.795795995946624316e+04	-4.570310111709119383e-01	2.594329386694264605e-01
5.795896537735006859e+04	-2.297299512435699853e-01	2.786576438671563016e-01
5.796200532161736191e+04	1.050847777504628766e-01	2.881411738206997586e-01
5.796304260532534681e+04	-5.986854206063441097e-01	2.812809250725678556e-01
5.796384847913778503e+04	-1.855475658174441378e-01	3.659835863789560051e-01
5.796487303088443150e+04	4.312054567217415979e-01	2.939775704138701262e-01
5.796585511649785622e+04	-4.663618946055692049e-02	2.796604706814824204e-01
5.796694812909369648e+04	-2.410160623397104018e-01	2.570615777421491610e-01
5.796800410095298139e+04	-1.036445036439459955e+00	2.613371487307897811e-01
5.796894704362611083e+04	4.265149396058802722e-01	2.570102890524593731e-01
5.797005673098039551e+04	-4.840696625993246016e-01	2.560239376877886941e-01
5.797107599841088086e+04	-5.793697021841524020e-01	2.549939283703081538e-01
5.797200904346943571e+04	-1.749877045366616812e-01	2.622268430214194646e-01
5.797484917074124678e+04	-7.713099515869288325e-01	3.635368948121124322e-01
5.797807304571271379e+04	-5.033312324887901923e-01	2.751127448233305350e-01
5.797988440437275131e+04	-1.094189855742513373e-01	2.733130603265215286e-01
5.798412176827678195e+04	-7.574169540673807433e-01	2.785126237637207125e-01
5.798487884292681701e+04	4.110101707123732240e-01	2.769351053815342634e-01
5.798606399943599536e+04	-1.803118021302765328e-01	3.061527403551771997e-01
5.798692158784053754e+04	-6.485387499029684477e-01	3.820422600290826476e-01
5.798901845301394496e+04	2.140414825474152849e-01	3.043462623929378275e-01
5.799100892673392082e+04	1.327869275746422772e-01	3.262487346766115848e-01
5.799200585464394680e+04	4.986468699237462943e-01	3.137864592735724045e-01
5.799389315152880590e+04	-6.912273219815716629e-01	2.939732884830704163e-01
5.799512340108292847e+04	1.501440025062237282e-01	2.676490179891048427e-01
5.799699984900544951e+04	8.858204052486939872e-03	2.661512753425288036e-01
5.799997463470458024e+04	-7.192576476095950966e-01	2.649303666803597967e-01
5.800191808355425019e+04	-2.642789107866434506e-01	3.030534420756548220e-01
5.800287182935361488e+04	5.359018247260110002e-01	2.784398278206115518e-01
5.800508065038253699e+04	3.211807933417532013e-01	2.887974515272002107e-01
5.800598838651636470e+04	2.678798441691441212e-01	2.877655940401009915e-01
5.800810831114782923e+04	-2.529018294362401775e-01	2.659394730603487633e-01
5.801310458372735593e+04	-4.279597638958136940e-01	2.772677965423428481e-01
5.801499921115241887e+04	-4.935377357342645155e-01	3.299176371148984654e-01
5.801695314250135561e+04	-3.280502144584005464e-01	3.179509096268105517e-01
5.801790709382812929e+04	-3.188762263211657455e-01	2.602876808236754269e-01
5.801887257521833817e+04	-8.397692357513619754e-02	2.720484995886724433e-01
5.802387091736177535e+04	-8.485994006691299774e-01	2.824170623864541430e-01
5.802712266330412967e+04	-3.939409747586921640e-01	2.575943021147381606e-01
5.802789690835672081e+04	-2.906010478121316964e-01	2.664604018238576066e-01
5.802906923905935400e+04	-4.346655221855115769e-01	2.535361239701978131e-01
5.803000061945877678e+04	1.667190139678638161e-01	3.116951740528124404e-01
5.803100102827463706e+04	8.289543630459661472e-02	3.109127184904156294e-01
5.803196327234658384e+04	3.685050434206118553e-01	3.128646245377283974e-01
5.803318213040917908e+04	-6.019281517426122718e-01	2.839529545268039690e-01
5.803387967820305494e+04	-4.115777770342674557e-01	2.701378416567182805e-01
5.803486969439618406e+04	3.089536961396674997e-01	2.783872237844447484e-01
5.803698617072702473e+04	-3.159556166670967059e-01	3.149142166152909539e-01
5.803792937381575030e+04	-2.312369334727293335e-02	3.196850743820062180e-01
5.804407253705216135e+04	1.406112557427547927e-01	3.465465498435573166e-01
5.804597763431921339e+04	-3.865020253037982911e-01	3.298916688058879942e-01
5.804701767838619708e+04	3.707429168248097540e-01	3.262000631653011462e-01
5.805196149708291341e+04	-5.002958800645416204e-01	3.408207315634299017e-01
5.805700292162036931e+04	7.783277254333427209e-01	3.302753960204899975e-01
5.805814940696267149e+04	-2.681275387890451611e-01	3.362359249809017681e-01
5.806010473496841587e+04	-4.180394341497759569e-01	3.331898518740365467e-01
5.806093500006942486e+04	4.780828984883100929e-02	3.362272095138768013e-01
5.806812153855273937e+04	-4.299971461963139063e-01	3.202986982231472157e-01
5.813713556013906054e+04	1.289021138660757515e-01	2.201905790877966007e-01
5.816417043294863106e+04	-1.796275015769879246e-01	3.903805348896818295e-01
5.816514688102939544e+04	-2.556953636015464326e-01	3.855038443411530902e-01
5.817104123197635636e+04	-2.640322665596102070e-01	2.633599001867499290e-01
5.817192225493733713e+04	1.360275871024896333e-02	2.764175549338460658e-01
5.817894650722530787e+04	7.663180839516314791e-02	2.684138040769827871e-01
5.818310274107517762e+04	-2.616358386256365520e-01	2.639329671448936709e-01
5.818598675838331837e+04	2.771209852966194376e-02	2.650012802915705512e-01
5.818790273916888691e+04	-5.913683154816027354e-01	2.773590579437133496e-01
5.819001722713754134e+04	7.989174391542519515e-02	2.631084915864988494e-01
5.819087691948243446e+04	2.074118052730398176e-01	2.885719208919224066e-01
5.819318007645104808e+04	5.015786877594763382e-01	2.769441441308788110e-01
5.819497290362166677e+04	-8.516994358016489741e-01	2.667688619126339922e-01
5.819594082015599997e+04	7.446098888287622231e-02	2.690685455559669315e-01
5.819821083112875203e+04	2.163728257712733694e-01	2.816959989836997358e-01
5.819991621487624070e+04	-2.233973802765945038e-01	2.716949531351229852e-01
5.820119434392870608e+04	2.485568280116581263e-01	2.769634513826764732e-01
5.820699058631485968e+04	-2.862261655659068538e-01	3.958869203249082425e-01
5.820887948414850689e+04	-2.406993338436365093e-01	2.843164452123359554e-01
5.821099344881344587e+04	-3.346631024828496948e-01	2.657352269158393954e-01
5.821393219517875696e+04	7.637186571743939112e-01	2.821372332979646402e-01
5.821507141857135139e+04	1.639449354291429017e-01	2.767083382970339511e-01
5.821693356959568337e+04	-6.961857101222790334e-01	2.834339841320600017e-01
5.821787582847628801e+04	-7.330503021335914582e-01	2.989985251136156874e-01
5.821905452689331287e+04	-3.969711046466386506e-01	2.761725071382368224e-01
5.822010736412060942e+04	1.049392613974518440e+00	2.794818242219017645e-01
5.822113079341305274e+04	-2.730110375124894517e-01	2.823048189360250482e-01
5.822299637705719942e+04	-1.879849972134195468e-02	2.778448059822593019e-01
5.822409910260100150e+04	3.827106434420670666e-01	2.791957441109614302e-01
5.822504520864300866e+04	-9.152114378684217399e-01	2.780687313594908949e-01
5.822707822482920892e+04	2.795790221450147328e-01	2.789912675307529843e-01
5.823305634534436103e+04	-2.103968967301440784e+00	2.785902561009754863e-01
5.823399857410270488e+04	3.013483790266064943e-01	2.782784077948156076e-01
5.823490558656115172e+04	1.658708006802541490e+00	2.891133196657443283e-01
5.823694609524506814e+04	5.359937685294084986e-01	2.801604086530450899e-01
5.823805601080522320e+04	-7.772229740921687835e-01	2.774341149319550781e-01
5.823907104207040538e+04	-4.094250493194522278e-01	2.797582574493575058e-01
5.824200286392862472e+04	-2.641440558118972604e-01	2.805311972104062024e-01
5.824301855278470612e+04	3.422174040183421084e-01	2.787112513821189408e-01
5.824592905966512626e+04	5.546105712432733981e-01	2.853035518327760034e-01
5.824705303038441343e+04	-1.041663663496635195e+00	2.796991271218057795e-01
5.824811403371203778e+04	3.643457166842694051e-01	2.791204578389384627e-01
5.824898641924573167e+04	4.360346612423882107e-02	2.773172168788195502e-01
5.825188581712599262e+04	4.410207191534709636e-01	2.895119298195951152e-01
5.825302387643499242e+04	-4.911951727287089398e-01	2.793941041277769877e-01
5.825510544721495535e+04	3.103453429520186546e-02	2.811379611930826528e-01
5.825612456021997059e+04	-3.802075659265398144e-01	2.816872997107570109e-01
5.825688248817014392e+04	4.781647971483664605e-01	2.954338747410999999e-01
5.825810658321873052e+04	3.207108832548186683e-01	2.803699547286624960e-01
5.825888484793445241e+04	-2.401931891493092053e-01	2.991401324587766308e-01
5.825988698116596788e+04	-2.755958895644994300e-02	2.945113300353979224e-01
5.826687342751499818e+04	-1.403171988454232633e-02	2.970209979349870411e-01
5.826814811027782707e+04	-2.827883557626904576e-01	2.845433582582016507e-01
5.827001488482520654e+04	1.345507179650837770e-01	2.800146623829063430e-01
5.827110663969261805e+04	-1.630791345040165652e-01	2.823232530630375714e-01
5.827184137640391418e+04	3.673011698120944857e-01	3.104624194779831980e-01
5.827285631984813517e+04	-1.608700270898282270e-01	3.012635906594532398e-01
5.827410119866322930e+04	-2.844653725730523774e-01	2.805263380780348981e-01
5.827509998600851395e+04	-3.821813261552478025e-01	2.813186215998847994e-01
5.827613000469705003e+04	1.208323553675967332e-01	2.818402711442279940e-01
5.827696592961745046e+04	1.990572084513075879e-02	2.788845773839974673e-01
5.828322397996400105e+04	2.142441923815852078e-02	3.012730208789749509e-01
5.828512078549541911e+04	-4.230111556388607141e-01	2.839055925058987517e-01
5.828696884103813500e+04	3.385673201596262061e-02	2.802173035856708738e-01
5.828912543535865552e+04	-1.915260272354544213e-01	2.852975402581513498e-01
5.829002051496940840e+04	-1.755207811318655331e-01	2.802644117025052117e-01
5.829098511244853580e+04	-1.260020102061787384e-01	2.803337202169480791e-01
5.829207795070838620e+04	2.974643009713275887e-01	2.814711364988155551e-01
5.829313908436211932e+04	-4.849799935986567334e-01	2.829951661715396916e-01
5.829413378038530936e+04	3.597890019962903807e-01	2.833462446805393165e-01
5.829796782897082448e+04	4.706760989116389737e-01	2.796221470325027658e-01
5.830010058163906797e+04	-3.565968714360394642e-01	2.814877586954223632e-01
5.830387574614842742e+04	1.636233952786909640e-01	3.806143839898871728e-01
5.830512216345397610e+04	-4.239518316575754397e-01	3.348591172909613500e-01
5.830620730980112421e+04	-5.026580331758623288e-02	2.933616032753894598e-01
5.830689431039030023e+04	2.544675913712524107e-01	2.928366707168357785e-01
5.831311992467886739e+04	-3.698017057500067040e-01	2.933598726959574798e-01
5.831386587794029037e+04	3.100419438749213441e-01	3.131611093989244976e-01
5.831509207824336772e+04	1.939422163253823328e-02	2.922683481100235015e-01
5.831591425744770095e+04	-2.228560840103455121e-02	3.004997086878666845e-01
