BJD	Res	err
5.722218249587630999e+04	1.534870620840678157e-04	7.505553499465134710e-04
5.722391687116972753e+04	-1.994454943939238944e-03	6.928203230275508046e-04
5.723295181496451551e+04	-1.761661578162154740e-03	6.928203230275508046e-04
5.723413024166393006e+04	-6.474702914500696238e-04	6.928203230275508046e-04
5.723496810407444718e+04	8.262559557561388601e-04	6.928203230275508046e-04
5.723608891514118295e+04	2.806512989144138714e-04	6.350852961085883550e-04
5.723785161063043779e+04	-3.923243162700984499e-03	7.895146188218008258e-04
5.723907750609017239e+04	6.630134814589183634e-05	6.928203230275508046e-04
5.723992076011531753e+04	8.530134733462091390e-04	6.928203230275508046e-04
5.724196113980243535e+04	-1.061493030720228603e-03	6.928203230275508046e-04
5.725198008409460454e+04	-5.054691440236069866e-04	6.928203230275508046e-04
5.725287920852556999e+04	-4.870921730866228927e-04	7.505553499465134710e-04
5.725392418441180052e+04	-2.211366252987012615e-03	7.318166133366715322e-04
5.725511323002979771e+04	-1.189522274111176614e-03	6.928203230275508046e-04
5.725588684520369861e+04	-7.592055969887212541e-04	7.505553499465134710e-04
5.725914204134904867e+04	-2.114709426503935674e-04	6.928203230275508046e-04
5.726113331115732581e+04	7.704025967640859562e-04	6.928203230275508046e-04
5.726193471214175224e+04	-1.054178641534342376e-03	6.928203230275508046e-04
5.726316294601008121e+04	-2.184408972789597669e-03	6.928203230275508046e-04
5.726397461389168893e+04	-3.550467113937472163e-04	6.928203230275508046e-04
5.726505711788827466e+04	-1.037362616910009194e-03	6.928203230275508046e-04
5.726613164115887048e+04	-9.264950827834184111e-04	6.928203230275508046e-04
5.726691520497083548e+04	-1.111973391810572309e-03	7.505553499465134710e-04
5.726786173013692314e+04	-7.691832772813711472e-04	7.895146188218008258e-04
5.726899904854912165e+04	-1.050425053739090231e-04	6.928203230275508046e-04
5.727003197692429239e+04	-1.222669555046351775e-03	6.928203230275508046e-04
5.727108115630353859e+04	-9.650920405146479197e-05	6.928203230275508046e-04
5.727293564436733868e+04	-2.802566040058351859e-03	7.505553499465134710e-04
5.727404854122327379e+04	-4.614090575945084538e-04	7.125852775477316053e-04
5.727512443259388965e+04	-1.142048158264685753e-04	6.928203230275508046e-04
5.727799895966020995e+04	3.886829814012671136e-04	6.928203230275508046e-04
5.727914781264035992e+04	-1.707518740445834737e-03	7.505553499465134710e-04
5.728009598712627485e+04	-1.458185314223925388e-03	6.928203230275508046e-04
5.728094982365499891e+04	-2.355252083134473651e-03	7.505553499465134710e-04
5.728206901844918320e+04	1.416225437161244827e-03	6.928203230275508046e-04
5.728313381301489426e+04	-8.351484711770496006e-04	6.928203230275508046e-04
5.729290288893938850e+04	-1.856112497742756773e-03	7.505553499465134710e-04
5.729399593177351926e+04	1.440807861917470234e-03	6.928203230275508046e-04
5.729486595496555674e+04	-8.853268394295454868e-04	8.082903768654760290e-04
5.730110538716134761e+04	-2.069513545319701109e-03	8.660254037844385870e-04
5.730200421928437572e+04	5.507551619921002839e-04	6.928203230275508046e-04
5.730292134819882631e+04	-1.562894685423366070e-03	7.505553499465134710e-04
5.730411825520274579e+04	-2.152417354097657665e-03	7.318166133366715322e-04
5.730694149808207294e+04	-1.090366409055576469e-04	7.505553499465134710e-04
5.730803354676790332e+04	-1.647879636993643260e-03	6.928203230275508046e-04
5.732195510678999563e+04	5.108808398297526310e-04	6.928203230275508046e-04
5.732393824093314470e+04	-1.941095271615012052e-03	6.928203230275508046e-04
5.732503690046801057e+04	-1.232787368450338761e-03	6.928203230275508046e-04
5.732602413406591950e+04	-6.614732747287632719e-04	6.928203230275508046e-04
5.732791467010226188e+04	-1.447736129730259336e-03	7.125852775477316053e-04
5.732892672839445731e+04	6.440611989138034232e-04	6.928203230275508046e-04
5.733014761128581449e+04	-1.331841591145632719e-05	6.928203230275508046e-04
5.733089984056852700e+04	-1.542023662072899981e-03	7.505553499465134710e-04
5.733196093302501686e+04	-2.074834151380322567e-03	6.928203230275508046e-04
5.733296084970870288e+04	3.495297604070302100e-04	6.928203230275508046e-04
5.733409681480474683e+04	5.220421149916276704e-04	6.928203230275508046e-04
5.733490896242979943e+04	-1.596353090806523767e-03	7.505553499465134710e-04
5.734501944719991297e+04	-6.244565138535662641e-04	6.928203230275508046e-04
5.734695019914199656e+04	-3.785668592426461032e-04	6.928203230275508046e-04
5.734791556843950821e+04	-6.518747812194192193e-04	7.125852775477316053e-04
5.734997599724294560e+04	-6.938777625720149445e-05	6.928203230275508046e-04
5.735117235232754319e+04	-1.326469985916567396e-03	7.505553499465134710e-04
5.735307491231716995e+04	2.609687923458281489e-04	6.928203230275508046e-04
5.735491036255299696e+04	-1.748468752778897795e-03	7.702813338860895051e-04
5.736092306400713278e+04	-1.802220187427039377e-03	7.505553499465134710e-04
5.736797031061255257e+04	1.084582990635851729e-04	6.928203230275508046e-04
5.737199894209040212e+04	-3.411850614964961892e-04	7.125852775477316053e-04
5.737910503113822779e+04	-1.626617732171098396e-03	7.505553499465134710e-04
5.737996942719434446e+04	7.409531358515408783e-05	7.505553499465134710e-04
5.738097406124865665e+04	-1.379425993945915252e-04	7.505553499465134710e-04
5.738614630625353311e+04	-3.857323092635311923e-04	7.505553499465134710e-04
5.738694872872376436e+04	9.148454347762680072e-05	7.505553499465134710e-04
5.738800573108796380e+04	-1.695103136650111253e-03	7.505553499465134710e-04
5.739108672644887702e+04	-1.517876771928605706e-03	7.505553499465134710e-04
5.739415124080735404e+04	-4.221698657786987496e-04	7.505553499465134710e-04
5.739493107354779204e+04	-1.434615003901740238e-03	7.702813338860895051e-04
5.739607887145155837e+04	3.819987951390046987e-04	6.928203230275508046e-04
5.739706415438615659e+04	-5.970956581329289747e-04	6.928203230275508046e-04
5.739810578269722464e+04	-1.196574934402505619e-03	7.505553499465134710e-04
5.739906009629162145e+04	-3.739400465541109497e-04	6.928203230275508046e-04
5.740593707657718187e+04	-1.767032389493827793e-03	8.082903768654760290e-04
5.740711138087360450e+04	-5.419175091079253548e-04	7.505553499465134710e-04
5.740817011640279816e+04	-3.437069717531215929e-04	7.895146188218008258e-04
5.741299663055427663e+04	-3.900911047249877583e-05	7.505553499465134710e-04
5.741416605086105119e+04	-1.192646437690569883e-03	8.082903768654760290e-04
5.741799256408346992e+04	9.813670978315869320e-04	7.505553499465134710e-04
5.741904987369654555e+04	-2.777030900211308051e-03	7.505553499465134710e-04
5.742413049091137509e+04	5.209919549535868555e-04	7.505553499465134710e-04
5.742800451114343014e+04	3.940298360314287152e-04	7.702813338860895051e-04
5.742892523945621360e+04	-1.870117854710251493e-03	8.660254037844385870e-04
5.743011207076595747e+04	2.779150554133025253e-07	7.505553499465134710e-04
5.743097354154312779e+04	-1.461230216911246771e-03	7.505553499465134710e-04
5.743316270496119978e+04	-1.347630765646812279e-05	7.505553499465134710e-04
5.743402745144344954e+04	3.868158665785159656e-04	7.505553499465134710e-04
5.743601480222826649e+04	-1.926921364306721784e-03	7.505553499465134710e-04
5.744008916997300548e+04	-5.302308647960884969e-04	7.505553499465134710e-04
5.744504099954455887e+04	9.475962921090541613e-05	7.505553499465134710e-04
5.744591617324696563e+04	-1.761094252108463820e-03	8.082903768654760290e-04
5.744800385529352934e+04	-7.717781206135754246e-04	7.505553499465134710e-04
5.744899632747523719e+04	-1.259079586696465469e-03	7.505553499465134710e-04
5.745103549944573024e+04	-1.251226162821694743e-04	8.660254037844385870e-04
5.745304763160986477e+04	-2.850592671297391689e-04	7.505553499465134710e-04
5.745398585761812137e+04	-4.788259830323937649e-04	7.505553499465134710e-04
5.745509054588233994e+04	-8.368092725987708036e-04	7.505553499465134710e-04
5.745592368632012949e+04	-6.953457297251830482e-04	8.082903768654760290e-04
5.745699621605428547e+04	-2.278059572984325598e-03	7.505553499465134710e-04
5.745802519235028740e+04	1.007707989737482990e-04	7.505553499465134710e-04
5.745902206285212742e+04	5.677995159762971866e-04	7.505553499465134710e-04
5.746200396878796892e+04	-8.703572148522908947e-04	7.505553499465134710e-04
5.746320205369657924e+04	-1.484900853038872981e-03	8.279828232249480642e-04
5.746493027957682352e+04	-4.329892935457380077e-04	8.660254037844385870e-04
5.746995706212560617e+04	-9.317133815205380643e-04	8.082903768654760290e-04
5.747395297524705529e+04	4.433664421963356972e-04	8.082903768654760290e-04
5.747488267371329130e+04	-1.895622215942083244e-03	8.660254037844385870e-04
5.747611970442417805e+04	2.524164601087619531e-04	8.082903768654760290e-04
5.747689647744099057e+04	-1.481490761753967433e-03	8.660254037844385870e-04
5.748217096708052122e+04	-6.507704140146230998e-04	7.702813338860895051e-04
5.748505026291837567e+04	-2.567803843091631677e-03	7.505553499465134710e-04
5.748612088859878713e+04	-9.673270044689985525e-04	7.505553499465134710e-04
5.748705030144679040e+04	9.554442700920873222e-05	7.505553499465134710e-04
5.748807654627154261e+04	-8.625218927083011522e-04	7.505553499465134710e-04
5.748902045974098291e+04	3.338091435169943111e-04	7.505553499465134710e-04
5.748987418026379601e+04	-2.356996967203706106e-03	8.082903768654760290e-04
5.749110286336443096e+04	-1.456581399370548979e-04	7.505553499465134710e-04
5.749812560411560116e+04	-8.810100685767707773e-04	7.505553499465134710e-04
5.750202758616731444e+04	-7.343410765736635426e-04	7.505553499465134710e-04
5.750292689647042425e+04	-2.240778673002985499e-03	8.082903768654760290e-04
5.750718162785549066e+04	-6.132387916544246309e-04	7.895146188218008258e-04
5.750802047395486443e+04	-9.133910693277513815e-04	7.505553499465134710e-04
5.750902094199061685e+04	2.766267701810321000e-04	7.505553499465134710e-04
5.751010377570117271e+04	-7.261364360298117049e-04	7.505553499465134710e-04
5.751194102935169940e+04	-2.961962183123389991e-04	7.505553499465134710e-04
5.751285670481258421e+04	-1.910546857165407175e-03	8.660254037844385870e-04
5.752212781735960743e+04	-1.034468286619905086e-03	7.895146188218008258e-04
5.752306670361200668e+04	-1.775503442136283638e-05	7.505553499465134710e-04
5.752586391983911017e+04	-1.168937599653752102e-03	8.660254037844385870e-04
5.752706403318127559e+04	-1.535776728420756854e-04	7.702813338860895051e-04
5.752806301495146181e+04	-2.015983059470372041e-03	7.505553499465134710e-04
5.752891144702566089e+04	-4.933128730844060783e-05	8.082903768654760290e-04
5.753207976665233582e+04	1.952889801479784637e-03	7.505553499465134710e-04
5.753284654377615516e+04	-3.616737289033444824e-03	8.660254037844385870e-04
5.753391784759531583e+04	-1.044477136188604049e-03	8.082903768654760290e-04
5.753488145590903150e+04	-1.885831257951942064e-03	8.472176684759222297e-04
5.753602114932166296e+04	1.225976460103694876e-03	7.895146188218008258e-04
5.753714581971090229e+04	-2.162858350121865669e-03	8.082903768654760290e-04
5.754407358966911852e+04	4.028636441049116002e-04	7.505553499465134710e-04
5.754487218439547723e+04	-1.757346649307045539e-03	8.660254037844385870e-04
5.754595904663584224e+04	-1.868992334513208675e-03	8.082903768654760290e-04
5.754701727574120741e+04	1.460363007801390722e-04	8.082903768654760290e-04
5.754822849380992557e+04	-3.744367238063261993e-04	8.660254037844385870e-04
5.754909622867717553e+04	-1.092346400851873511e-03	8.082903768654760290e-04
5.754994140885226807e+04	-1.270110165643600908e-03	8.082903768654760290e-04
5.755104363625435508e+04	-2.554265082047812996e-03	8.082903768654760290e-04
5.755202815382521658e+04	1.189472898737164996e-03	8.082903768654760290e-04
5.755299955529756699e+04	-1.158714330559362793e-03	8.082903768654760290e-04
5.755400356239650137e+04	-9.619419926663042020e-04	8.082903768654760290e-04
5.755491395682939765e+04	-1.138928054764676290e-03	8.082903768654760290e-04
5.755587727620040823e+04	-1.433259955012644582e-03	8.472176684759222297e-04
5.755706548580297385e+04	-1.120598140353479266e-03	7.895146188218008258e-04
5.755802393437797582e+04	1.355228329119384512e-03	7.505553499465134710e-04
5.755991654791399924e+04	-8.534307976866273293e-04	8.279828232249480642e-04
5.756091147412321152e+04	-2.431210315632093000e-03	9.237604307034012535e-04
5.756211001873706846e+04	-7.604061869521672179e-04	8.660254037844385870e-04
5.756715466868032672e+04	-7.780002460844315237e-04	8.082903768654760290e-04
5.756812919920565037e+04	-8.435773127963841489e-04	8.082903768654760290e-04
5.756925132112118445e+04	-1.268677295338527244e-03	9.237604307034012535e-04
5.757114246390038170e+04	1.199007217822511961e-03	8.082903768654760290e-04
5.757196904835025634e+04	-2.626041223471098363e-03	8.082903768654760290e-04
5.757303913045299123e+04	-7.994694779815958441e-04	8.082903768654760290e-04
5.757398506101049861e+04	-1.460778739399870574e-03	8.082903768654760290e-04
5.757710565541387768e+04	3.329239298590636054e-04	8.082903768654760290e-04
5.757802457860420691e+04	-1.375001523977736895e-03	8.082903768654760290e-04
5.758207341696273215e+04	-7.326928198425619598e-04	7.895146188218008258e-04
5.758290074503495271e+04	-8.117416278263789309e-05	8.856886837057615291e-04
5.758505369772802806e+04	1.041822475274400972e-03	8.660254037844385870e-04
5.758619458747888712e+04	-3.986511842007267603e-03	9.814954576223638115e-04
5.758716493511012959e+04	3.397405794514085642e-04	8.082903768654760290e-04
5.758802168761626672e+04	1.239459519637442497e-03	8.082903768654760290e-04
5.758888113703740964e+04	-1.728944337163973444e-03	9.237604307034012535e-04
5.759106345508817321e+04	-4.202357137490508876e-04	9.814954576223638115e-04
5.759196758506730839e+04	-3.526825513100462217e-03	1.020348524334264506e-03
5.759304090815815289e+04	1.201483938399583451e-03	8.660254037844385870e-04
5.759395444633371517e+04	-1.114098987481604297e-03	9.237604307034012535e-04
5.759684970819564478e+04	-3.644560237759719712e-03	1.289702808143540361e-03
5.759790455097411905e+04	2.051744627650897712e-03	9.814954576223638115e-04
5.759885786198528513e+04	-4.106751747859682666e-03	1.001110494512080307e-03
5.760010594305113773e+04	5.167530182204060907e-04	9.237604307034012535e-04
5.760091518600507698e+04	-2.152855507110196243e-03	1.040299102288482326e-03
5.760204808159654931e+04	-4.780391174676879018e-04	8.472176684759224466e-04
5.760293135218974203e+04	1.020877002233078201e-03	8.660254037844385870e-04
5.760385330721769424e+04	-2.441016208117652297e-03	9.237604307034012535e-04
5.760500418120237009e+04	3.422227624296780846e-04	9.237604307034012535e-04
5.760685064644357044e+04	-3.039310481097956540e-03	1.405149260557199365e-03
5.760784435736531304e+04	-3.981249532703401428e-03	1.135781669160054611e-03
5.760899418960297771e+04	-3.427433183915695736e-04	8.660254037844385870e-04
5.761002709803861217e+04	1.872222818892765872e-03	8.660254037844385870e-04
5.761397224106359499e+04	-2.134407846084762639e-03	8.660254037844385870e-04
5.761488052381110174e+04	7.158783493288467525e-05	8.660254037844385870e-04
5.761700769548760582e+04	-1.139678951997957768e-03	8.082903768654760290e-04
5.761803083072757727e+04	-2.792888178504426833e-07	8.082903768654760290e-04
5.761910084565499710e+04	-4.729019725315808387e-04	8.082903768654760290e-04
5.762014512969579664e+04	2.253247340284758593e-04	8.082903768654760290e-04
5.762101336721856205e+04	-1.987574729916730121e-03	8.082903768654760290e-04
5.762295897651654377e+04	-2.959332289445448794e-03	9.237604307034012535e-04
5.762399710704420431e+04	1.260488913601420791e-05	8.660254037844385870e-04
5.762613711658005195e+04	-7.529930914715876611e-04	8.082903768654760290e-04
5.762711244403936871e+04	1.353639309855658723e-03	8.082903768654760290e-04
5.762792555841694411e+04	-2.712302236511199283e-03	1.154700538379251594e-03
5.763014019060130522e+04	-1.258725913764635607e-03	1.039230484541326478e-03
5.763102223904115817e+04	-1.361853718497840759e-04	8.660254037844385870e-04
5.763422346636503062e+04	-7.256818921614893725e-04	9.237604307034012535e-04
5.763588511679249496e+04	-1.349570720853066064e-03	9.237604307034012535e-04
5.763705418471936719e+04	-6.491293610597637098e-04	8.082903768654760290e-04
5.763805222087709262e+04	5.506433500963581196e-04	8.082903768654760290e-04
5.763908896134346287e+04	-4.418329696962430830e-04	8.082903768654760290e-04
5.764012662455676764e+04	-1.361145648410833076e-03	8.279828232249480642e-04
5.764113491525562858e+04	-1.729253646661099708e-03	8.660254037844385870e-04
5.764215998658012541e+04	5.968356689809439786e-04	8.660254037844385870e-04
5.764406767281886277e+04	-4.328282401599992113e-04	8.660254037844385870e-04
5.764516455296331696e+04	-2.218715301800067152e-03	8.856886837057615291e-04
5.764608565801179066e+04	-3.436542988080049099e-04	8.082903768654760290e-04
5.764714667590917088e+04	-3.006444192621415823e-04	8.279828232249480642e-04
5.764786274857041280e+04	-2.262687379394279219e-03	9.237604307034012535e-04
5.764905393577834184e+04	-1.900998201487702488e-03	8.082903768654760290e-04
5.765008464869584714e+04	-4.491181030656932194e-04	8.082903768654760290e-04
5.765102943475004577e+04	1.517340483184526079e-03	8.082903768654760290e-04
5.765389978566686477e+04	-1.672462266338214931e-03	8.660254037844385870e-04
5.765509361630025523e+04	-1.690288909426129749e-03	8.082903768654760290e-04
5.765601933330369502e+04	-4.986961409869650197e-05	8.082903768654760290e-04
5.765695122422647546e+04	-9.134780880870607689e-05	8.279828232249480642e-04
5.765788263197246852e+04	-8.827256977408381999e-04	9.237604307034012535e-04
5.765889512496081443e+04	-7.465954431200572117e-04	8.856886837057615291e-04
5.766096116685865127e+04	-1.640359612642861009e-03	8.660254037844385870e-04
5.766397501984203700e+04	-1.302378227721945336e-03	8.082903768654760290e-04
5.766809669133147690e+04	5.125506983780780956e-04	8.082903768654760290e-04
5.767113183184869558e+04	-5.192852054607399737e-04	8.082903768654760290e-04
5.767311278449150268e+04	-3.486080794390389315e-04	8.082903768654760290e-04
5.767516679496151482e+04	9.861367704555590308e-04	8.660254037844385870e-04
5.767592402414281241e+04	-2.977591742928886731e-03	9.237604307034012535e-04
5.769096347315367166e+04	-1.280953708683973957e-03	8.082903768654760290e-04
5.769988893022521370e+04	-1.893220250718030684e-03	9.237604307034012535e-04
5.770093621725602861e+04	-2.474227651267923989e-04	8.660254037844385870e-04
5.770214208906410931e+04	-6.009412984475659414e-05	8.660254037844385870e-04
5.770315391201513557e+04	-2.730251853630072389e-03	8.856886837057615291e-04
5.770408915387626621e+04	-6.345558443925369829e-04	8.082903768654760290e-04
5.770601144931394083e+04	4.632350544673258241e-04	8.082903768654760290e-04
5.770914054572659370e+04	-1.368624021588438211e-03	9.049247973665484239e-04
5.771909878420423775e+04	-2.610017869308478566e-03	8.660254037844385870e-04
5.771999088318214490e+04	9.316642681147513372e-04	8.660254037844385870e-04
5.772306707531688153e+04	-6.906877587402604490e-04	8.660254037844385870e-04
5.772805388435740315e+04	-2.061109113116188496e-04	8.660254037844385870e-04
5.772904548832178261e+04	-1.670711537299141014e-03	8.660254037844385870e-04
5.773105045942693687e+04	5.417978966519854112e-04	8.660254037844385870e-04
5.773314386187310447e+04	-3.172340687272345860e-03	9.237604307034012535e-04
5.773400620847655955e+04	-2.094006129294001539e-03	8.660254037844385870e-04
5.773600952689809492e+04	1.144768231382542467e-04	8.660254037844385870e-04
5.773697794537823938e+04	9.123517520936985647e-04	8.082903768654760290e-04
5.773807017627986352e+04	-1.247191794312207946e-03	8.082903768654760290e-04
5.773903011463936127e+04	-2.455054784230803477e-03	8.279828232249480642e-04
5.775005882862828730e+04	-1.774365339079153614e-03	9.814954576223638115e-04
5.775700438329733879e+04	7.787847358997623815e-06	8.660254037844385870e-04
5.775997528764689923e+04	-1.733217403699249815e-03	9.237604307034012535e-04
5.776300933560136036e+04	-6.731966294557523156e-04	8.660254037844385870e-04
5.776408968651931355e+04	-9.048567569465149063e-04	8.660254037844385870e-04
5.776913625712603971e+04	-1.189237335183612743e-03	9.237604307034012535e-04
5.777009135582054296e+04	2.072054370314546645e-04	8.660254037844385870e-04
5.777293055611798627e+04	-3.003109084529498318e-03	9.814954576223638115e-04
5.777394901874445350e+04	-1.303387082742801795e-04	9.433981132056603637e-04
5.777497904243520316e+04	-1.511394379045682967e-04	8.660254037844385870e-04
5.777706281731610216e+04	9.396956611951168270e-04	8.660254037844385870e-04
5.777813123728211940e+04	1.119427256297100826e-03	8.856886837057615291e-04
5.777891405756099266e+04	-4.485023438248525451e-03	9.814954576223638115e-04
5.778802617254096549e+04	9.825368104126042113e-04	8.660254037844385870e-04
5.778892426221027563e+04	-1.381661932265743076e-03	9.814954576223638115e-04
5.778991683228460170e+04	-3.219488009934323713e-03	9.814954576223638115e-04
5.779095278108432831e+04	-7.174880329072763629e-04	9.237604307034012535e-04
5.779292761839699233e+04	2.293109657722780526e-04	9.626352718795767828e-04
5.779390830304966948e+04	-1.401613502261866984e-03	1.001110494512080307e-03
5.780006344296762836e+04	1.173895963795246189e-03	8.660254037844385870e-04
5.780217658614294487e+04	-3.937263818238001534e-03	1.020348524334264506e-03
5.780507614031344565e+04	-2.893007798165925237e-04	8.660254037844385870e-04
5.780806787405959767e+04	1.096786530573545804e-03	8.660254037844385870e-04
5.780995381871834252e+04	-2.171711423422095777e-03	9.237604307034012535e-04
5.781115524452966201e+04	-2.367776510370234178e-04	9.237604307034012535e-04
5.781213806839407334e+04	5.215734956021123025e-05	9.237604307034012535e-04
5.781304378089933743e+04	-2.077097637166680499e-03	9.237604307034012535e-04
5.781397608129892615e+04	6.411101118404261001e-04	9.237604307034012535e-04
5.781497422163018928e+04	-1.358797695210967049e-03	9.814954576223638115e-04
5.781608449202714837e+04	-5.047493113385925767e-04	9.237604307034012535e-04
5.781700966368814989e+04	-1.145053848753185832e-03	9.237604307034012535e-04
5.782005879948742950e+04	8.276737068584338886e-04	9.237604307034012535e-04
5.782094744623149018e+04	-1.913753883322044658e-03	1.135781669160054611e-03
5.782188723713688523e+04	-1.874389759012551337e-03	1.327905619136139160e-03
5.782514033768785157e+04	-2.877433484285596421e-03	9.814954576223638115e-04
5.782597839734247100e+04	1.486229455994525495e-03	9.237604307034012535e-04
5.782900293020263780e+04	-1.153026354923092356e-03	9.814954576223638115e-04
5.783604429138623527e+04	-1.594380705150832966e-03	8.856886837057615291e-04
5.783709451088165224e+04	2.781802416125245259e-04	8.660254037844385870e-04
5.784007879471089109e+04	-1.411222874203588162e-03	9.237604307034012535e-04
5.784096309641345579e+04	-7.465281191825212659e-04	9.237604307034012535e-04
5.784507401843608386e+04	3.653102107801231568e-04	9.237604307034012535e-04
5.784596712586918147e+04	-3.257710902531130159e-04	9.237604307034012535e-04
5.784686326089099020e+04	-2.217496149713227283e-03	1.039230484541326478e-03
5.784812825979183253e+04	-1.919158331079806601e-03	9.237604307034012535e-04
5.784904649030935252e+04	1.907141180048199658e-03	9.237604307034012535e-04
5.784989198031750129e+04	-2.576606769784106632e-04	9.626352718795767828e-04
5.785106828216116264e+04	-5.555170705031642342e-04	8.660254037844385870e-04
5.785190580795949063e+04	-3.996395422398713038e-03	9.237604307034012535e-04
5.785305033214913419e+04	1.341206256751270587e-03	8.660254037844385870e-04
5.785589736191210250e+04	-2.916926102969341628e-03	9.433981132056603637e-04
5.785703197202116280e+04	8.162582015458497153e-04	8.082903768654760290e-04
5.786004504380821891e+04	2.983847579498544178e-04	8.660254037844385870e-04
5.786098986210121075e+04	-1.324310708410436632e-03	9.237604307034012535e-04
5.786196940857401205e+04	-2.785821706084767868e-03	8.082903768654760290e-04
5.786284707662161236e+04	-3.153071896013770470e-04	9.237604307034012535e-04
5.786510376951314538e+04	-3.856656159877402956e-04	8.082903768654760290e-04
5.786600600285922701e+04	-6.064126701303962363e-04	7.702813338860895051e-04
5.786701583195257990e+04	4.901672015842351016e-04	7.505553499465134710e-04
5.786796154229143576e+04	-1.173465467965151277e-03	8.082903768654760290e-04
5.787486559782475524e+04	-2.859692446577355440e-04	8.856886837057615291e-04
5.787586296091316763e+04	-1.891875617068272675e-03	9.049247973665486408e-04
5.787906093803044496e+04	-2.798828395276231618e-04	8.082903768654760290e-04
5.788096916964261618e+04	-1.296124998920511473e-03	8.082903768654760290e-04
5.788710114679319668e+04	-1.061637231868139963e-03	8.082903768654760290e-04
5.789213433571685164e+04	2.606721221098950991e-05	8.082903768654760290e-04
5.789508494481393427e+04	-1.816545001149805216e-03	8.082903768654760290e-04
5.789609687557845609e+04	-7.202976672449068474e-04	8.082903768654760290e-04
5.789786975373266614e+04	-1.064970936730524897e-03	8.660254037844385870e-04
5.789914696685454692e+04	1.446723320897902454e-03	8.082903768654760290e-04
5.789987678014318954e+04	-1.645026788096082271e-03	8.856886837057615291e-04
5.790188797094691836e+04	-2.847645012220567651e-04	8.660254037844385870e-04
5.790286238781029533e+04	-2.550533860126158459e-03	9.237604307034012535e-04
5.790509026045659994e+04	-5.948450059420906655e-04	8.082903768654760290e-04
5.790611758595244464e+04	-6.112985029034234685e-04	8.082903768654760290e-04
5.791303726735641976e+04	-3.049693498651251389e-04	8.082903768654760290e-04
5.791701506907041767e+04	1.124838459658938916e-03	8.082903768654760290e-04
5.791788348280022910e+04	-3.349491258783032777e-03	8.660254037844385870e-04
5.792015776820814062e+04	-8.256793698429021333e-04	8.082903768654760290e-04
5.792088053501294053e+04	-9.696983314659846087e-04	8.660254037844385870e-04
5.792311779988094349e+04	8.876031012396978781e-04	8.082903768654760290e-04
5.792502312010402238e+04	-7.396907562382537549e-04	8.082903768654760290e-04
5.792597680593211408e+04	-1.052141228741199086e-03	8.660254037844385870e-04
5.792702269402758975e+04	-1.513035948667251773e-03	1.039230484541326478e-03
5.793090886714436783e+04	-1.281929942646087284e-03	1.039230484541326478e-03
5.793312230700624787e+04	6.157088187963566384e-04	8.660254037844385870e-04
5.793404583298163197e+04	-1.659033470790660658e-03	8.279828232249480642e-04
5.793607847822301846e+04	-1.083024091854234428e-03	8.279828232249480642e-04
5.793703376391971688e+04	7.588166475054336502e-04	8.082903768654760290e-04
5.793810649623571226e+04	-8.525529937211118181e-04	8.660254037844385870e-04
5.793889684273618332e+04	-2.443714819205133892e-03	9.049247973665486408e-04
5.794012292767063627e+04	-1.029544990707620400e-03	8.660254037844385870e-04
5.794492859977798071e+04	-5.450923245593486399e-04	8.660254037844385870e-04
5.794803614624623879e+04	-1.913977126299926113e-05	8.082903768654760290e-04
5.794986811578823108e+04	2.594830744779841325e-04	1.348249894410445378e-03
5.795305489056517399e+04	-2.402488686381154537e-03	9.049247973665486408e-04
5.795393294025099021e+04	-1.577610624412528750e-03	8.660254037844385870e-04
5.795499742931004585e+04	3.522361107162197413e-04	8.660254037844385870e-04
5.795604107060181559e+04	-3.333575028801050166e-04	8.660254037844385870e-04
5.795700924723033677e+04	6.833340290857137234e-04	8.660254037844385870e-04
5.795795995946624316e+04	-1.538393964928275182e-05	8.660254037844385870e-04
5.795896537735006859e+04	-3.966067259491445895e-03	9.237604307034012535e-04
5.796200532161736191e+04	-1.931744819069436403e-03	9.814954576223638115e-04
5.796304260532534681e+04	2.605862218551635578e-03	9.237604307034012535e-04
5.796384847913778503e+04	-1.878587073128379359e-03	1.424390707948099653e-03
5.796487303088443150e+04	-2.163728854177371375e-03	1.039230484541326478e-03
5.796585511649785622e+04	-1.437662196270395043e-03	9.814954576223638115e-04
5.796694812909369648e+04	-1.016542107561413388e-03	8.660254037844385870e-04
5.796800410095298139e+04	-2.830125829831331430e-04	8.660254037844385870e-04
5.796894704362611083e+04	2.044689140401345639e-04	8.279828232249480642e-04
5.797005673098039551e+04	-1.092087344500392021e-03	8.472176684759222297e-04
5.797107599841088086e+04	1.431270866820710808e-04	8.082903768654760290e-04
5.797200904346943571e+04	-1.398832075358846794e-03	8.660254037844385870e-04
5.797484917074124678e+04	-2.240349022953225244e-03	1.405149260557199365e-03
5.797807304571271379e+04	4.406121864937162513e-04	9.237604307034012535e-04
5.797988440437275131e+04	-2.363279421709663097e-03	9.237604307034012535e-04
5.798412176827678195e+04	8.414088002650643716e-04	9.237604307034012535e-04
5.798487884292681701e+04	-2.587519423083328718e-03	9.237604307034012535e-04
5.798606399943599536e+04	-1.396293774349466332e-03	1.058825344951239448e-03
5.798692158784053754e+04	1.450195370499507419e-03	1.482115605027713905e-03
5.798901845301394496e+04	-8.826699946951066522e-04	1.039230484541326478e-03
5.799100892673392082e+04	8.437612582961051544e-04	1.154700538379251594e-03
5.799200585464394680e+04	1.357758596070013368e-04	1.096965511460288928e-03
5.799389315152880590e+04	-3.607043075406046739e-03	1.039230484541326478e-03
5.799512340108292847e+04	-2.974871563710124178e-04	9.237604307034012535e-04
5.799699984900544951e+04	-1.074221398579489062e-03	8.660254037844385870e-04
5.799997463470458024e+04	1.679941638155213468e-04	8.660254037844385870e-04
5.800191808355425019e+04	-7.696820406737359122e-04	1.020348524334264506e-03
5.800287182935361488e+04	1.016998673525115748e-03	9.237604307034012535e-04
5.800508065038253699e+04	-9.881661230837224252e-04	9.814954576223638115e-04
5.800598838651636470e+04	8.533725978958628389e-04	9.814954576223638115e-04
5.800810831114782923e+04	-2.419972742468523563e-03	8.660254037844385870e-04
5.801310458372735593e+04	1.259489289990867178e-03	9.237604307034012535e-04
5.801499921115241887e+04	-3.120660689498677698e-03	1.212435565298213827e-03
5.801695314250135561e+04	-1.715660588500256267e-03	1.166190378969060018e-03
5.801790709382812929e+04	6.938420990909577313e-04	8.660254037844385870e-04
5.801887257521833817e+04	-1.676993682249161566e-03	9.237604307034012535e-04
5.802387091736177535e+04	1.572605001449289830e-03	9.626352718795767828e-04
5.802712266330412967e+04	-8.303705507373138062e-04	8.472176684759224466e-04
5.802789690835672081e+04	-1.844683976776728684e-03	8.660254037844385870e-04
5.802906923905935400e+04	-7.824100948505829933e-04	8.082903768654760290e-04
5.803000061945877678e+04	2.126183677448878484e-04	1.096965511460288928e-03
5.803100102827463706e+04	9.011655400250617731e-04	1.096965511460288928e-03
5.803196327234658384e+04	-3.239575216911205757e-04	1.096965511460288928e-03
5.803318213040917908e+04	-2.587673315987082390e-03	1.001110494512080307e-03
5.803387967820305494e+04	-2.513883381026538189e-03	9.237604307034012535e-04
5.803486969439618406e+04	1.282288603167813790e-03	9.814954576223638115e-04
5.803698617072702473e+04	-7.558772143632097595e-04	1.154700538379251594e-03
5.803792937381575030e+04	-8.211238904634043934e-04	1.174260996920568987e-03
5.804407253705216135e+04	-2.049679542537319321e-04	1.327905619136139160e-03
5.804597763431921339e+04	-1.165330798333030771e-03	1.212435565298213827e-03
5.804701767838619708e+04	-9.567653262978481621e-04	1.212435565298213827e-03
5.805196149708291341e+04	-6.055021973576657501e-04	1.270170592217176710e-03
5.805700292162036931e+04	7.677406227317717935e-04	1.212435565298213827e-03
5.805814940696267149e+04	-1.441176026506063579e-03	1.270170592217176710e-03
5.806010473496841587e+04	-1.245199934188256918e-03	1.270170592217176710e-03
5.806093500006942486e+04	-4.653797798130909769e-04	1.270170592217176710e-03
5.806812153855273937e+04	-9.753676808177402791e-04	1.212435565298213827e-03
5.813713556013906054e+04	5.761367376777570826e-04	8.082903768654760290e-04
5.816417043294863106e+04	-2.795669963744806807e-03	1.732050807568877174e-03
5.816514688102939544e+04	-3.017965585789816885e-03	1.674315780649914508e-03
5.817104123197635636e+04	1.269359319596929936e-03	9.237604307034012535e-04
5.817192225493733713e+04	-2.941605238236277842e-03	9.814954576223638115e-04
5.817894650722530787e+04	-6.509863912116387041e-04	9.433981132056603637e-04
5.818310274107517762e+04	-1.025909907853339575e-03	9.237604307034012535e-04
5.818598675838331837e+04	-1.163730338793911301e-03	9.237604307034012535e-04
5.818790273916888691e+04	-1.744038229186450906e-03	1.001110494512080307e-03
5.819001722713754134e+04	3.624319878912984905e-03	9.237604307034012535e-04
5.819087691948243446e+04	-4.476041303082212153e-03	1.078064108586415356e-03
5.819318007645104808e+04	-1.930793703554201102e-03	1.020348524334264506e-03
5.819497290362166677e+04	6.558649972188135280e-04	9.237604307034012535e-04
5.819594082015599997e+04	-4.019146705651621687e-04	9.433981132056603637e-04
5.819821083112875203e+04	-3.007826264284751971e-03	1.039230484541326478e-03
5.819991621487624070e+04	8.225764635039212180e-05	9.814954576223638115e-04
5.820119434392870608e+04	-5.242904890527810835e-04	1.020348524334264506e-03
5.820699058631485968e+04	-4.763994637425383871e-03	1.732050807568877174e-03
5.820887948414850689e+04	-9.756458075091956061e-04	1.039230484541326478e-03
5.821099344881344587e+04	1.829653793449459442e-03	9.237604307034012535e-04
5.821393219517875696e+04	-2.700554864397908261e-03	1.039230484541326478e-03
5.821507141857135139e+04	-8.577766756019400418e-04	9.814954576223638115e-04
5.821693356959568337e+04	2.916494919382728312e-04	1.039230484541326478e-03
5.821787582847628801e+04	-3.113927212951672630e-03	1.096965511460288928e-03
5.821905452689331287e+04	1.338004614057197728e-03	9.814954576223638115e-04
5.822010736412060942e+04	-1.641685068051401686e-03	1.001110494512080307e-03
5.822113079341305274e+04	-7.032227217962372379e-05	1.039230484541326478e-03
5.822299637705719942e+04	-2.254122383193113421e-03	9.814954576223638115e-04
5.822409910260100150e+04	1.010334692468362050e-04	9.814954576223638115e-04
5.822504520864300866e+04	-5.865455227436200403e-04	9.814954576223638115e-04
5.822707822482920892e+04	-1.282677254550890211e-03	1.001110494512080307e-03
5.823305634534436103e+04	1.405303420298764649e-07	9.814954576223638115e-04
5.823399857410270488e+04	6.827826291697647321e-04	9.626352718795767828e-04
5.823490558656115172e+04	-2.592620978754567318e-03	1.020348524334264506e-03
5.823694609524506814e+04	-1.586522731749084869e-04	9.814954576223638115e-04
5.823805601080522320e+04	-2.839302311876679141e-04	9.626352718795767828e-04
5.823907104207040538e+04	-1.660020257566507951e-03	9.814954576223638115e-04
5.824200286392862472e+04	-2.102840216121393269e-03	9.814954576223638115e-04
5.824301855278470612e+04	7.670243120285746841e-04	9.814954576223638115e-04
5.824592905966512626e+04	-6.808907104254302567e-04	9.814954576223638115e-04
5.824705303038441343e+04	-1.632288259511227579e-03	9.814954576223638115e-04
5.824811403371203778e+04	-1.421759029022418019e-03	9.814954576223638115e-04
5.824898641924573167e+04	-8.964503324282446783e-05	9.626352718795767828e-04
5.825188581712599262e+04	-2.891719073785381511e-04	1.039230484541326478e-03
5.825302387643499242e+04	-6.924263927619023207e-04	9.814954576223638115e-04
5.825510544721495535e+04	-1.191511522600663397e-03	9.814954576223638115e-04
5.825612456021997059e+04	-1.324976093557417300e-03	9.814954576223638115e-04
5.825688248817014392e+04	-2.771258672282783664e-04	1.039230484541326478e-03
5.825810658321873052e+04	6.983297561431456302e-04	9.814954576223638115e-04
5.825888484793445241e+04	-2.008981123027275828e-03	1.096965511460288928e-03
5.825988698116596788e+04	-1.816174004565240807e-03	1.039230484541326478e-03
5.826687342751499818e+04	6.884940859741561781e-04	1.039230484541326478e-03
5.826814811027782707e+04	-2.156262909308814812e-03	9.814954576223638115e-04
5.827001488482520654e+04	-8.456726277685788773e-04	9.814954576223638115e-04
5.827110663969261805e+04	3.700587300370372645e-04	9.814954576223638115e-04
5.827184137640391418e+04	-1.286959408042243069e-03	1.154700538379251594e-03
5.827285631984813517e+04	-6.609037717622001651e-04	1.096965511460288928e-03
5.827410119866322930e+04	3.428295125402769372e-04	9.814954576223638115e-04
5.827509998600851395e+04	-2.346791071054177280e-03	9.814954576223638115e-04
5.827613000469705003e+04	1.175451871890942357e-04	9.814954576223638115e-04
5.827696592961745046e+04	-8.232864063284495160e-04	9.814954576223638115e-04
5.828322397996400105e+04	-1.044968400443657686e-03	1.096965511460288928e-03
5.828512078549541911e+04	1.765431691049812457e-04	9.814954576223638115e-04
5.828696884103813500e+04	-1.519084539956416791e-03	9.814954576223638115e-04
5.828912543535865552e+04	-8.781981479488720765e-04	9.814954576223638115e-04
5.829002051496940840e+04	2.110101124417340657e-04	9.626352718795767828e-04
5.829098511244853580e+04	-2.100413251016064464e-03	9.814954576223638115e-04
5.829207795070838620e+04	2.141596294052305893e-03	9.433981132056603637e-04
5.829313908436211932e+04	-8.214817365894688805e-04	9.814954576223638115e-04
5.829413378038530936e+04	-2.619452021486168292e-03	9.814954576223638115e-04
5.829796782897082448e+04	1.425924672385114889e-03	9.237604307034012535e-04
5.830010058163906797e+04	-2.030151867072227390e-03	9.814954576223638115e-04
5.830387574614842742e+04	-9.301519159370386092e-04	1.539841261660146584e-03
5.830512216345397610e+04	-1.354988834698644951e-03	1.270170592217176710e-03
5.830620730980112421e+04	4.503957524164547976e-04	1.039230484541326478e-03
5.830689431039030023e+04	-1.043012323769687555e-03	1.039230484541326478e-03
5.831311992467886739e+04	-1.207742869977934674e-03	1.039230484541326478e-03
5.831386587794029037e+04	-4.778921799752922084e-04	1.154700538379251594e-03
5.831509207824336772e+04	7.070934318527122286e-04	1.039230484541326478e-03
5.831591425744770095e+04	-1.198133190640326973e-03	1.078064108586415356e-03
