BJD	Res	err
5.722218249587630999e+04	4.229154365188634301e-01	1.210946156409876129e-01
5.722391687116972753e+04	9.840398631319402512e-01	1.144770759184670639e-01
5.723295181496451551e+04	1.345003936798647715e-01	1.140318969693467771e-01
5.723413024166393006e+04	1.161542890324128052e+00	1.128962269823025472e-01
5.723496810407444718e+04	-4.481380549743239072e-01	1.135403416482501787e-01
5.723608891514118295e+04	1.714772160468932327e+00	1.117335735146717801e-01
5.723785161063043779e+04	8.164215508012180322e-01	1.257453510480895653e-01
5.723907750609017239e+04	9.132947550561993921e-01	1.132481641261106065e-01
5.723992076011531753e+04	-6.621649137224157045e-01	1.171119484872257116e-01
5.724196113980243535e+04	-1.411331689825541247e-01	1.186940062933511814e-01
5.725198008409460454e+04	6.202216802090596559e-01	1.126141649960427787e-01
5.725287920852556999e+04	7.883135647595906903e-01	1.187033074802930493e-01
5.725392418441180052e+04	6.232479535489581224e-01	1.163029598972925432e-01
5.725511323002979771e+04	-1.939858030579923565e+00	1.147822435392672064e-01
5.725588684520369861e+04	-6.098327585517537841e-01	1.214756647372364634e-01
5.725914204134904867e+04	1.544061277331785220e-01	1.142447898900503661e-01
5.726113331115732581e+04	6.292876470830215396e-01	1.136866052022992984e-01
5.726193471214175224e+04	-1.225287948099545332e+00	1.180403728646552547e-01
5.726316294601008121e+04	-7.984859495000584673e-01	1.147516400187488239e-01
5.726397461389168893e+04	-8.456505226432895483e-01	1.156463594422649926e-01
5.726505711788827466e+04	2.120513048881669249e-01	1.147627258065252870e-01
5.726613164115887048e+04	-8.082492785065582552e-01	1.153437622782741007e-01
5.726691520497083548e+04	1.277775967354937592e+00	1.224799963164756450e-01
5.726786173013692314e+04	-1.146156008293672812e-01	1.243958102421445361e-01
5.726899904854912165e+04	8.971947743211217130e-02	1.131740470270490989e-01
5.727003197692429239e+04	-1.034981124897232263e+00	1.147574183494910888e-01
5.727108115630353859e+04	-3.307795438791245601e-01	1.149902583494899627e-01
5.727293564436733868e+04	-1.322809220629078908e+00	1.203904857808393153e-01
5.727404854122327379e+04	-6.289438437152448103e-01	1.177361051596291786e-01
5.727512443259388965e+04	-7.007679033759544041e-01	1.155446412533316369e-01
5.727799895966020995e+04	-9.009112784478290337e-01	1.157507897267749941e-01
5.727914781264035992e+04	-5.551786464070644911e-01	1.177406001100617799e-01
5.728009598712627485e+04	-6.199233754765423043e-01	1.159931739251796740e-01
5.728094982365499891e+04	6.778872671997611121e-01	1.180662053130835387e-01
5.728206901844918320e+04	1.055943662993012566e+00	1.153638861599073362e-01
5.728313381301489426e+04	7.211632686908586720e-01	1.164341884594571191e-01
5.729290288893938850e+04	1.190572491567642999e-01	1.234987753962108886e-01
5.729399593177351926e+04	-7.204614338716357480e-01	1.175551550757973351e-01
5.729486595496555674e+04	-4.621706069168727282e-01	1.266749106604015407e-01
5.730110538716134761e+04	-1.397022911217764118e+00	1.318744231656448218e-01
5.730200421928437572e+04	-2.565101550428039445e-01	1.130486679481327722e-01
5.730292134819882631e+04	-3.056597767038837787e-02	1.196303628725233631e-01
5.730411825520274579e+04	-1.239484159949157061e+00	1.147737647343207018e-01
5.730694149808207294e+04	4.863202594933824230e-01	1.169693251530112138e-01
5.730803354676790332e+04	8.159685704804076067e-03	1.129395858717136547e-01
5.732195510678999563e+04	5.273950258039583616e-01	1.124719999239470608e-01
5.732393824093314470e+04	1.801591479420924458e+00	1.137890008145371196e-01
5.732503690046801057e+04	-6.840382053969911169e-01	1.112249220963068413e-01
5.732602413406591950e+04	-1.312470861514505316e+00	1.107006084648808203e-01
5.732791467010226188e+04	5.798258672550709036e-01	1.175730089868885359e-01
5.732892672839445731e+04	2.143799813234556595e+00	1.156818830083898714e-01
5.733014761128581449e+04	5.761107968479244335e-01	1.152235017673318707e-01
5.733089984056852700e+04	7.125722527051436828e-02	1.188721642852076377e-01
5.733196093302501686e+04	-5.638784362257212024e-01	1.123248312937786958e-01
5.733296084970870288e+04	-2.789700016477780764e-01	1.122576998299443934e-01
5.733409681480474683e+04	1.496004303475398700e+00	1.119832792678239070e-01
5.733490896242979943e+04	1.283695343756836138e+00	1.193545096487881874e-01
5.734501944719991297e+04	7.645976122852591317e-01	1.129101929225829609e-01
5.734695019914199656e+04	7.804963270197387004e-01	1.151892195818450676e-01
5.734791556843950821e+04	-3.940399837738990385e-01	1.187494115665605338e-01
5.734997599724294560e+04	3.066051628550283681e-01	1.130993301547511404e-01
5.735117235232754319e+04	1.814891095620936312e-01	1.227052459494473724e-01
5.735307491231716995e+04	5.630156983023724138e-01	1.161815748858312930e-01
5.735491036255299696e+04	2.239787767863370860e+00	1.236248839769044094e-01
5.736092306400713278e+04	-4.113564622303691465e-01	1.222865931159018982e-01
5.736797031061255257e+04	-4.789010273813048002e-01	1.176256894279884557e-01
5.737199894209040212e+04	1.090334046111758326e+00	1.195043258403353376e-01
5.737910503113822779e+04	-2.202531781664927024e+00	1.199698136682173510e-01
5.737996942719434446e+04	-5.922424156035432929e-02	1.209713748537634831e-01
5.738097406124865665e+04	-5.240500747945660009e-01	1.205595755730903829e-01
5.738614630625353311e+04	-3.139518849545019918e-01	1.225909733269903018e-01
5.738694872872376436e+04	-1.811499420425910500e-01	1.220640536627576739e-01
5.738800573108796380e+04	-8.408119997437815130e-01	1.180982583825722493e-01
5.739108672644887702e+04	-1.562426013531691638e+00	1.187996259921652586e-01
5.739415124080735404e+04	-2.144149007756972480e-01	1.223926228901894425e-01
5.739493107354779204e+04	7.431873384636311641e-01	1.246057368475433219e-01
5.739607887145155837e+04	-1.030464348643629791e+00	1.186530456725765625e-01
5.739706415438615659e+04	-5.078710425191417244e-01	1.182510355725649026e-01
5.739810578269722464e+04	1.158037361063271931e+00	1.187897931274002894e-01
5.739906009629162145e+04	6.426080491305974363e-01	1.176454872991128525e-01
5.740593707657718187e+04	-7.689609745038907818e-01	1.254707147808357959e-01
5.740711138087360450e+04	-1.884889043352242055e+00	1.192864970751797565e-01
5.740817011640279816e+04	-1.849262348957786628e+00	1.235696722268031650e-01
5.741299663055427663e+04	2.364247160781914658e+00	1.195582339701473512e-01
5.741416605086105119e+04	-2.140090326019208788e+00	1.267979164908424050e-01
5.741799256408346992e+04	-1.713013539379488748e-01	1.191594318831334515e-01
5.741904987369654555e+04	4.717438784929299800e-01	1.178133303651747316e-01
5.742413049091137509e+04	7.125866927141473184e-01	1.208573053270014519e-01
5.742800451114343014e+04	4.172504237747176603e-03	1.253361808335938521e-01
5.742892523945621360e+04	1.615757123766451642e+00	1.334091276017361494e-01
5.743011207076595747e+04	1.853772527950537707e+00	1.205133222365275397e-01
5.743097354154312779e+04	5.880433378973854985e-01	1.194522080954765891e-01
5.743316270496119978e+04	-1.091429857552299154e+00	1.212272195983339212e-01
5.743402745144344954e+04	-2.951906124330630377e+00	1.177927436638914888e-01
5.743601480222826649e+04	-3.318215385912210991e-01	1.181126750193681185e-01
5.744008916997300548e+04	-4.069723800880069575e-01	1.183066046031159141e-01
5.744504099954455887e+04	-9.486010668564652804e-01	1.179724897438827885e-01
5.744591617324696563e+04	-2.772867029123641913e+00	1.262706067802238652e-01
5.744800385529352934e+04	-1.363594442895056602e+00	1.185948356372740348e-01
5.744899632747523719e+04	5.565868584037900746e-01	1.173143282486571320e-01
5.745103549944573024e+04	-1.849538784336068886e-01	1.330406752558150052e-01
5.745304763160986477e+04	1.678241179395524085e+00	1.201852708711702161e-01
5.745398585761812137e+04	1.171704478313451148e-01	1.198278308588619084e-01
5.745509054588233994e+04	2.748583965903065973e+00	1.196996111620224346e-01
5.745592368632012949e+04	1.225212264783241523e+00	1.254461728114091013e-01
5.745699621605428547e+04	-2.719076471659104044e+00	1.189900515340225756e-01
5.745802519235028740e+04	-9.901294602046561977e-01	1.197003511752030014e-01
5.745902206285212742e+04	-9.939121125064396267e-01	1.183452335985499815e-01
5.746200396878796892e+04	-1.044757983988066741e+00	1.191729093612970830e-01
5.746320205369657924e+04	4.169938234079673123e-01	1.260216266396280427e-01
5.746493027957682352e+04	-3.655263292597759062e-01	1.288284211800225787e-01
5.746995706212560617e+04	-6.967427470282068214e-01	1.242542586012637534e-01
5.747395297524705529e+04	-7.455884780842652049e-01	1.244743134088174968e-01
5.747488267371329130e+04	-1.990384550307801703e+00	1.314528953305115211e-01
5.747611970442417805e+04	-1.087448587618315088e+00	1.221643109522900922e-01
5.747689647744099057e+04	-4.277715389920011546e-01	1.298294113120040116e-01
5.748217096708052122e+04	7.983622362577236231e-01	1.217529793751327971e-01
5.748505026291837567e+04	-2.078308189778088177e+00	1.174835636635536140e-01
5.748612088859878713e+04	2.438978155405209236e-01	1.187434986813035304e-01
5.748705030144679040e+04	1.364276796763409294e+00	1.177410997108401108e-01
5.748807654627154261e+04	6.293111316222343987e-01	1.174235106151042540e-01
5.748902045974098291e+04	1.974208426162544328e+00	1.183603630057640937e-01
5.748987418026379601e+04	8.342635569310310473e-01	1.276314653190126214e-01
5.749110286336443096e+04	3.564164500342792863e+00	1.182523047996884152e-01
5.749812560411560116e+04	7.940218979361794993e-01	1.189083884252577911e-01
5.750202758616731444e+04	4.573423909851825897e-01	1.184551869580687811e-01
5.750292689647042425e+04	1.100286159466232760e+00	1.234926051810267683e-01
5.750718162785549066e+04	-1.977112845070543301e-01	1.230885304244956763e-01
5.750802047395486443e+04	-3.957521033867408278e-01	1.189274020693285167e-01
5.750902094199061685e+04	-1.042969382583969207e+00	1.189991223060525849e-01
5.751010377570117271e+04	1.007627080574323486e+00	1.183328691162102292e-01
5.751194102935169940e+04	2.562174621711864830e+00	1.225450046885993016e-01
5.751285670481258421e+04	-7.695325683904101766e-01	1.306238315366677338e-01
5.752212781735960743e+04	3.710737920640596599e-01	1.240409679291490375e-01
5.752306670361200668e+04	-9.957300089746112803e-02	1.218133626219361498e-01
5.752586391983911017e+04	-1.527839425409496243e-01	1.308737085595329808e-01
5.752706403318127559e+04	6.230673159173534259e-01	1.232868453271156600e-01
5.752806301495146181e+04	3.375703813485309013e-01	1.227931486657489885e-01
5.752891144702566089e+04	-4.626375912273417157e-02	1.271881863361558618e-01
5.753207976665233582e+04	6.790128304797526937e-01	1.227896991903588558e-01
5.753284654377615516e+04	9.676193649770290506e-01	1.336657956063339314e-01
5.753391784759531583e+04	-6.287141655905408300e-01	1.276519717756919026e-01
5.753488145590903150e+04	-1.033055449336668374e+00	1.289861560897813397e-01
5.753602114932166296e+04	-1.180879445960453467e+00	1.233725636183631152e-01
5.753714581971090229e+04	-3.149072348692385503e-01	1.248323119374103451e-01
5.754407358966911852e+04	4.534765340064694783e-02	1.236281706160819310e-01
5.754487218439547723e+04	-3.265335483524438587e-01	1.317852229688057653e-01
5.754595904663584224e+04	4.701230526097042173e-01	1.264639687044390726e-01
5.754701727574120741e+04	5.786616419270238509e-01	1.264178747013842141e-01
5.754822849380992557e+04	-4.539780556263330880e-01	1.325966589653077010e-01
5.754909622867717553e+04	-1.397578960497572353e+00	1.242116094159026879e-01
5.754994140885226807e+04	-1.619285953954726409e+00	1.276940860669382172e-01
5.755104363625435508e+04	-2.451653216658691292e-01	1.248960281995363103e-01
5.755202815382521658e+04	-7.225576084850189318e-01	1.258141392676745962e-01
5.755299955529756699e+04	8.292965771945937092e-01	1.256711004410903665e-01
5.755400356239650137e+04	1.928599237649457621e+00	1.251342083697788987e-01
5.755491395682939765e+04	-1.464467132331037647e-01	1.290598256164347812e-01
5.755587727620040823e+04	2.337076215193079065e-01	1.319756983145034812e-01
5.755706548580297385e+04	5.816596065772259294e-01	1.248429161035064516e-01
5.755802393437797582e+04	-8.185855615395496443e-01	1.250065577795732297e-01
5.755991654791399924e+04	-1.144457305462676544e+00	1.308561605858809818e-01
5.756091147412321152e+04	2.781233621080190233e-01	1.395453483800445094e-01
5.756211001873706846e+04	2.455384778371758614e-01	1.332334616032961327e-01
5.756715466868032672e+04	-7.748404268371302805e-01	1.274336618153669443e-01
5.756812919920565037e+04	-3.727772530594286593e-01	1.263847822960053879e-01
5.756925132112118445e+04	-1.751466278606368832e+00	1.379238839849977194e-01
5.757114246390038170e+04	1.084809734045514062e+00	1.274246824904327613e-01
5.757196904835025634e+04	9.358773469513295140e-01	1.283528343891713608e-01
5.757303913045299123e+04	5.669251692977539392e-01	1.264572727426927223e-01
5.757398506101049861e+04	3.840577972615015767e-01	1.271322592849981614e-01
5.757710565541387768e+04	1.313631888502484912e+00	1.263440775191076171e-01
5.757802457860420691e+04	-3.304095507115540897e-01	1.262642605499569581e-01
5.758207341696273215e+04	8.404972075740211324e-01	1.259421139634116782e-01
5.758290074503495271e+04	1.340274780650773323e+00	1.394473842406525055e-01
5.758505369772802806e+04	2.192430351471083227e+00	1.374263619332638520e-01
5.758619458747888712e+04	-1.549066903718962607e+00	1.453168506419035555e-01
5.758716493511012959e+04	-5.454972253859011744e-01	1.285372304516196329e-01
5.758802168761626672e+04	-5.286964884651048635e-01	1.275180626439797738e-01
5.758888113703740964e+04	-8.624619366670529530e-01	1.390549817535745858e-01
5.759106345508817321e+04	-1.605276591782764939e+00	1.479439089731565959e-01
5.759196758506730839e+04	-1.693993238266379819e+00	1.490743656081044144e-01
5.759304090815815289e+04	-1.832633483317728462e+00	1.337044354530119994e-01
5.759395444633371517e+04	-2.377698931260496806e-01	1.373867595914958495e-01
5.759684970819564478e+04	-1.533024165579817577e+00	1.720116725264023427e-01
5.759790455097411905e+04	4.009543372164827701e-01	1.450553753151455350e-01
5.759885786198528513e+04	7.021101400872709064e-01	1.447877458776077597e-01
5.760010594305113773e+04	-1.110922521206212821e+00	1.384216416574406416e-01
5.760091518600507698e+04	-2.016747070031005507e+00	1.511002534222193050e-01
5.760204808159654931e+04	8.932358707020497945e-01	1.293963490453464982e-01
5.760293135218974203e+04	-8.566790021091890139e-01	1.317523285331518579e-01
5.760385330721769424e+04	-7.958882801226252468e-01	1.382034558446597894e-01
5.760500418120237009e+04	-6.216731925783136603e-01	1.412139328691167373e-01
5.760685064644357044e+04	-2.041659017098567119e-01	1.822418701845230082e-01
5.760784435736531304e+04	-3.039269476881827359e-01	1.562695388542375274e-01
5.760899418960297771e+04	-9.814928802748603687e-01	1.310010865721875362e-01
5.761002709803861217e+04	-6.759327773150758389e-01	1.364303682513367810e-01
5.761397224106359499e+04	4.622898870330836019e-01	1.337354742215349779e-01
5.761488052381110174e+04	1.783173848758309532e+00	1.339214895757588064e-01
5.761700769548760582e+04	-1.407024018678285415e+00	1.270771110487419753e-01
5.761803083072757727e+04	-7.601380129141688258e-01	1.269085413499760617e-01
5.761910084565499710e+04	-3.446779335866416716e-01	1.252688010716593026e-01
5.762014512969579664e+04	-1.925970759135353205e+00	1.279861935156427766e-01
5.762101336721856205e+04	-2.307952987312400950e+00	1.271406425600251355e-01
5.762295897651654377e+04	-1.469929228610794780e+00	1.349785602402086837e-01
5.762399710704420431e+04	-1.521325849605837277e+00	1.333803203747517263e-01
5.762613711658005195e+04	2.965487903027970162e-01	1.269752844595468388e-01
5.762711244403936871e+04	1.864205212942831480e+00	1.263752187656434212e-01
5.762792555841694411e+04	7.915097216878983488e-01	1.626878554691943701e-01
5.763014019060130522e+04	5.731761733267326520e-01	1.523081471053811531e-01
5.763102223904115817e+04	3.806344562310925994e-02	1.322717393494902416e-01
5.763422346636503062e+04	-9.359338461757111816e-01	1.379551796896679450e-01
5.763588511679249496e+04	1.154553752812926604e+00	1.369730997364411451e-01
5.763705418471936719e+04	1.607017817498025636e+00	1.276264407070205886e-01
5.763805222087709262e+04	1.064931247986148577e+00	1.269028297606749900e-01
5.763908896134346287e+04	-3.888579455722229739e-01	1.287672298193637821e-01
5.764012662455676764e+04	-1.444742627450715133e+00	1.300799307740825306e-01
5.764113491525562858e+04	-9.778921998563134821e-01	1.307435255801379370e-01
5.764215998658012541e+04	-1.123315371067715063e+00	1.301010791858107918e-01
5.764406767281886277e+04	-1.389829974117930078e+00	1.333126587695966092e-01
5.764516455296331696e+04	-2.197771469687335610e+00	1.336775095211081565e-01
5.764608565801179066e+04	-1.433504636913124131e+00	1.251758425645791706e-01
5.764714667590917088e+04	-1.802339047024101859e+00	1.272806068546487868e-01
5.764786274857041280e+04	-2.228820798587218377e+00	1.374604117930552094e-01
5.764905393577834184e+04	-1.643140725782103573e+00	1.257312301469065419e-01
5.765008464869584714e+04	3.262312178635475846e-01	1.260173899961452570e-01
5.765102943475004577e+04	1.541936056813664635e+00	1.260448690642736458e-01
5.765389978566686477e+04	1.286758719004239993e+00	1.337559536509927427e-01
5.765509361630025523e+04	4.635716108864613716e-01	1.253178624816488618e-01
5.765601933330369502e+04	-1.380273251610624641e+00	1.257019027704233682e-01
5.765695122422647546e+04	-9.229784232136424293e-01	1.281713379372209083e-01
5.765788263197246852e+04	-5.784654586205952853e-01	1.349446494540001429e-01
5.765889512496081443e+04	-3.049505457298867128e+00	1.335178847183191853e-01
5.766096116685865127e+04	-7.583758512245566408e-01	1.297613503793745571e-01
5.766397501984203700e+04	-8.137710874694903396e-01	1.258709197579105099e-01
5.766809669133147690e+04	1.501396094143622406e+00	1.281762239222671573e-01
5.767113183184869558e+04	9.005101612030870228e-01	1.284413130581618379e-01
5.767311278449150268e+04	-6.719849832193176553e-01	1.274040788405430835e-01
5.767516679496151482e+04	-1.981987521519613438e+00	1.316756582416867827e-01
5.767592402414281241e+04	-1.534746783880262200e+00	1.353252802879786887e-01
5.769096347315367166e+04	1.603556793012231196e+00	1.290670478371561125e-01
5.769988893022521370e+04	2.018222285513147085e-01	1.406421871940523316e-01
5.770093621725602861e+04	8.180423089627808508e-02	1.319690567167133011e-01
5.770214208906410931e+04	-8.315131975834830769e-01	1.324361225191043046e-01
5.770315391201513557e+04	-1.630260649861995148e+00	1.337057328670199496e-01
5.770408915387626621e+04	-7.439324383180760947e-01	1.289715476502062141e-01
5.770601144931394083e+04	3.031310326371574604e-01	1.286836310973450415e-01
5.770914054572659370e+04	9.849528043974480340e-01	1.351516073878133162e-01
5.771909878420423775e+04	-3.704649078584054678e-01	1.303532805868554689e-01
5.771999088318214490e+04	9.105700974247064039e-01	1.301740064133141972e-01
5.772306707531688153e+04	-5.403413873500895193e-02	1.298894328830847433e-01
5.772805388435740315e+04	-1.400832644767060486e+00	1.301178147902184723e-01
5.772904548832178261e+04	3.276466703379021794e-01	1.297218215208733316e-01
5.773105045942693687e+04	-8.469573736899498329e-01	1.298605593960147908e-01
5.773314386187310447e+04	-7.209836300430225720e-01	1.341628462858993343e-01
5.773400620847655955e+04	7.858401181585286110e-01	1.284363869247789058e-01
5.773600952689809492e+04	1.305722921688786897e+00	1.284355587417329858e-01
5.773697794537823938e+04	-3.197083772831099679e-01	1.218019399451447243e-01
5.773807017627986352e+04	3.648136234265706435e-01	1.267513719405384542e-01
5.773903011463936127e+04	-1.144035066369859521e+00	1.268637102316960419e-01
5.775005882862828730e+04	-8.738912028140966015e-01	1.411094978543327161e-01
5.775700438329733879e+04	1.263274135019411659e+00	1.288139848930388021e-01
5.775997528764689923e+04	6.515348528679751894e-01	1.349982990888485002e-01
5.776300933560136036e+04	-5.277966648384335713e-01	1.311889766530111578e-01
5.776408968651931355e+04	-7.073439805602177444e-02	1.299542165443100805e-01
5.776913625712603971e+04	-2.622066948569248268e-01	1.352493281912483802e-01
5.777009135582054296e+04	2.664987487423715606e-01	1.320083698343585965e-01
5.777293055611798627e+04	-1.118554625363419319e+00	1.399017620397508266e-01
5.777394901874445350e+04	-1.503589206886985608e+00	1.387365755249237997e-01
5.777497904243520316e+04	1.200585399641081352e+00	1.330451979112994565e-01
5.777706281731610216e+04	5.138153158630025530e-01	1.306917759085962916e-01
5.777813123728211940e+04	1.534606823997137326e+00	1.328784700020863296e-01
5.777891405756099266e+04	2.206596686939835905e+00	1.407417783119061239e-01
5.778802617254096549e+04	9.505194759961455020e-01	1.311462046198685616e-01
5.778892426221027563e+04	1.900230853609983228e+00	1.386631507179365008e-01
5.778991683228460170e+04	-1.333513180937501375e+00	1.401013527017703764e-01
5.779095278108432831e+04	-9.486751922742868715e-01	1.349055528471261589e-01
5.779292761839699233e+04	-6.828389065035800343e-01	1.379370713384912017e-01
5.779390830304966948e+04	6.166425110797035813e-02	1.420290306532599744e-01
5.780006344296762836e+04	2.199665291007804058e-01	1.293854932264308644e-01
5.780217658614294487e+04	-6.542587729823168274e-02	1.411597916381251705e-01
5.780507614031344565e+04	-2.021532458779525143e+00	1.299417718853219939e-01
5.780806787405959767e+04	4.248002632621350472e-01	1.333644947454097618e-01
5.780995381871834252e+04	2.071428262868479919e-02	1.379384387100330289e-01
5.781115524452966201e+04	1.308261951144281454e+00	1.358926946051516038e-01
5.781213806839407334e+04	1.243517034342360716e+00	1.347989165949559920e-01
5.781304378089933743e+04	3.754812075763780399e-01	1.352705045720364041e-01
5.781397608129892615e+04	-1.416617570519441927e+00	1.343688581330103604e-01
5.781497422163018928e+04	-8.299271734592110761e-01	1.395237697045970948e-01
5.781608449202714837e+04	-1.027191940575360007e+00	1.340202695440110836e-01
5.781700966368814989e+04	-8.394204625219892080e-01	1.346648961248833321e-01
5.782005879948742950e+04	-1.464273820645910718e+00	1.367599704394596438e-01
5.782094744623149018e+04	-6.426400716541280644e-01	1.549561577585411576e-01
5.782188723713688523e+04	-5.331236282014550909e-01	1.679892338645328775e-01
5.782514033768785157e+04	4.546002264472761567e-01	1.370641268032964377e-01
5.782597839734247100e+04	-2.893063002483309276e-01	1.354004072280786397e-01
5.782900293020263780e+04	-5.718857550364404574e-01	1.389203146487157925e-01
5.783604429138623527e+04	7.943114209866060094e-01	1.312983306556292362e-01
5.783709451088165224e+04	-5.428354831373027878e-02	1.312443883745390838e-01
5.784007879471089109e+04	8.414443397523463375e-01	1.319932617229137850e-01
5.784096309641345579e+04	-1.280408151807499451e-01	1.343999410393718619e-01
5.784507401843608386e+04	-1.944868047395402755e-01	1.337845105979256488e-01
5.784596712586918147e+04	8.919512814618357766e-02	1.354634787106860083e-01
5.784686326089099020e+04	-2.120151277304291426e+00	1.456080693709764506e-01
5.784812825979183253e+04	-2.014772695675091541e+00	1.326657248815817647e-01
5.784904649030935252e+04	1.398855131985961009e-01	1.319026153386199662e-01
5.784989198031750129e+04	-4.977441458245372985e-01	1.368070473074226578e-01
5.785106828216116264e+04	-1.115649873081881793e+00	1.295695479125674454e-01
5.785190580795949063e+04	-1.354948214496840109e+00	1.346234346814439709e-01
5.785305033214913419e+04	-5.893544068172076322e-01	1.301056052760402870e-01
5.785589736191210250e+04	-5.701972701545017230e-01	1.400592490098979404e-01
5.785703197202116280e+04	1.303792878002528965e+00	1.260970151394173178e-01
5.786004504380821891e+04	8.735478210210914085e-01	1.342600389782107884e-01
5.786098986210121075e+04	1.623051096314114261e-01	1.382874028078506512e-01
5.786196940857401205e+04	-1.303086498692955786e+00	1.236821760060174830e-01
5.786284707662161236e+04	1.523033108562472648e-01	1.370304010575564835e-01
5.786510376951314538e+04	1.265647994506618801e+00	1.231879431437594014e-01
5.786600600285922701e+04	1.377174731014573439e+00	1.232047342333529721e-01
5.786701583195257990e+04	3.061830161949714579e-01	1.226323516248182949e-01
5.786796154229143576e+04	2.633935837611957709e+00	1.241027306843296846e-01
5.787486559782475524e+04	1.174624991461495682e+00	1.346784717525435215e-01
5.787586296091316763e+04	1.043590586368956963e+00	1.343715486890607880e-01
5.787906093803044496e+04	8.103069221573662162e-01	1.236115709197886520e-01
5.788096916964261618e+04	5.802639407597460774e-01	1.242206166556594077e-01
5.788710114679319668e+04	7.842852279261656179e-01	1.238986927625328888e-01
5.789213433571685164e+04	1.547233825690206288e-01	1.248777612656888913e-01
5.789508494481393427e+04	4.059966018043041913e-01	1.238152265582360134e-01
5.789609687557845609e+04	5.596245573785942895e-01	1.243292385568956632e-01
5.789786975373266614e+04	7.133902122623112518e-01	1.339431878425089983e-01
5.789914696685454692e+04	2.257242421455352144e-01	1.253958582460175109e-01
5.789987678014318954e+04	-1.754285279081528870e-01	1.326362858715591231e-01
5.790188797094691836e+04	1.726892669662412061e-01	1.315502716132779804e-01
5.790286238781029533e+04	1.979871196856077376e+00	1.340951766194398709e-01
5.790509026045659994e+04	7.293907249109317092e-01	1.239925148270344946e-01
5.790611758595244464e+04	-4.127413114519349335e-01	1.244606828402381044e-01
5.791303726735641976e+04	-1.902003204332594066e-01	1.240659668857303083e-01
5.791701506907041767e+04	-3.633083239026220213e-01	1.249778550109416214e-01
5.791788348280022910e+04	5.642061065426631217e-01	1.327085214202059493e-01
5.792015776820814062e+04	-1.229050264704163453e-01	1.266557311401050878e-01
5.792088053501294053e+04	3.194432839405045854e-01	1.335456489346300568e-01
5.792311779988094349e+04	1.127331946777847094e+00	1.247171805668206707e-01
5.792502312010402238e+04	-2.039210180185868637e-01	1.246408970078805162e-01
5.792597680593211408e+04	1.213625844821390132e+00	1.293891551512856841e-01
5.792702269402758975e+04	-8.283149946543559849e-01	1.493852529678668384e-01
5.793090886714436783e+04	6.540765547997899887e-01	1.475840199658743079e-01
5.793312230700624787e+04	-3.772212617699288728e-01	1.307395362905099667e-01
5.793404583298163197e+04	-6.907196036497822433e-01	1.272678156709263764e-01
5.793607847822301846e+04	1.784782144326445774e+00	1.271909431227178644e-01
5.793703376391971688e+04	-3.077236370587890235e-01	1.277637996673867682e-01
5.793810649623571226e+04	3.366895988177276422e-01	1.277032675041306908e-01
5.793889684273618332e+04	3.419778321808308874e-01	1.343770802972141798e-01
5.794012292767063627e+04	-9.373747013090287794e-01	1.290862785375455069e-01
5.794492859977798071e+04	1.686135312964250232e+00	1.308517023954704761e-01
5.794803614624623879e+04	5.277778870180682702e-02	1.278188556193797509e-01
5.794986811578823108e+04	-8.690812415204618446e-01	1.799302984873609457e-01
5.795305489056517399e+04	8.097153948413549074e-01	1.342904711965120790e-01
5.795393294025099021e+04	3.946974865864660842e-02	1.306754713932310741e-01
5.795499742931004585e+04	7.836109083851852120e-01	1.292982672370777408e-01
5.795604107060181559e+04	1.403991533204376196e-01	1.286388772318028673e-01
5.795700924723033677e+04	-7.602996605061136393e-01	1.301123219542676679e-01
5.795795995946624316e+04	1.097202506526979704e+00	1.297164693347130360e-01
5.795896537735006859e+04	4.480875151982459670e-01	1.393288219335779843e-01
5.796200532161736191e+04	4.612435779249253187e-01	1.440705869103497960e-01
5.796304260532534681e+04	-6.989326745867820989e-01	1.406404625362837335e-01
5.796384847913778503e+04	-1.189294504690536769e+00	1.829917931894780025e-01
5.796487303088443150e+04	3.192995916012399960e-01	1.469887852069351464e-01
5.796585511649785622e+04	-7.225666526263125888e-01	1.398302353407413212e-01
5.796694812909369648e+04	-1.436684929675703160e+00	1.285307888710746638e-01
5.796800410095298139e+04	-1.252282491072236326e-01	1.306685743653947795e-01
5.796894704362611083e+04	1.159784206239415028e+00	1.285051445262296865e-01
5.797005673098039551e+04	1.276073824147569979e+00	1.280119688438943470e-01
5.797107599841088086e+04	1.292544518790212038e+00	1.274969641851542435e-01
5.797200904346943571e+04	4.667112245992335318e-01	1.311134215107097323e-01
5.797484917074124678e+04	-9.579992031826840559e-01	1.817684474060562438e-01
5.797807304571271379e+04	3.394454787249081562e-01	1.375563724116651010e-01
5.797988440437275131e+04	-3.979870626977763948e-01	1.366565301632609586e-01
5.798412176827678195e+04	3.763377727324730415e-01	1.392563118818604395e-01
5.798487884292681701e+04	1.107771565003709213e+00	1.384675526907671317e-01
5.798606399943599536e+04	1.443779338571395954e-01	1.530763701775888774e-01
5.798692158784053754e+04	4.878081126466256023e-01	1.910211300145412405e-01
5.798901845301394496e+04	-1.084048405602086262e+00	1.521731311964689137e-01
5.799100892673392082e+04	-2.402566050092538319e-01	1.631243673383055981e-01
5.799200585464394680e+04	-9.689198085009671502e-01	1.568932296367862023e-01
5.799389315152880590e+04	-9.785693086434825716e-01	1.469866442415352914e-01
5.799512340108292847e+04	-2.264064946932993649e+00	1.338245089945524213e-01
5.799699984900544951e+04	-7.046011666925444672e-01	1.330756376712644851e-01
5.799997463470458024e+04	2.136008767307478351e+00	1.324651833401798984e-01
5.800191808355425019e+04	4.059871643461185897e-01	1.515267210378275220e-01
5.800287182935361488e+04	-2.094118596451863823e-01	1.392199139103058592e-01
5.800508065038253699e+04	-1.218902673788090141e+00	1.443987257636001054e-01
5.800598838651636470e+04	-2.748805526718083314e+00	1.438827970200503847e-01
5.800810831114782923e+04	-4.263626719782109831e-02	1.329697365301743817e-01
5.801310458372735593e+04	6.817683690359643833e-02	1.386338982711713130e-01
5.801499921115241887e+04	-4.185090142150116321e-02	1.649588185574492327e-01
5.801695314250135561e+04	-4.691576600346358816e-01	1.589754548134053869e-01
5.801790709382812929e+04	-8.470197266035235373e-01	1.301438404118374081e-01
5.801887257521833817e+04	9.124333108220596955e-01	1.360242497943364437e-01
5.802387091736177535e+04	-4.061861403301953999e-01	1.412085311932269605e-01
5.802712266330412967e+04	1.848109852146567533e+00	1.287971510573691913e-01
5.802789690835672081e+04	1.164318198508926372e+00	1.332302009119288033e-01
5.802906923905935400e+04	5.650253742728885697e-01	1.267680619850988233e-01
5.803000061945877678e+04	-6.706584134836290900e-02	1.558475870264064145e-01
5.803100102827463706e+04	-9.077804964847295821e-01	1.554563592452080922e-01
5.803196327234658384e+04	-1.501681119277918697e+00	1.564323122688643652e-01
5.803318213040917908e+04	-2.129922230251541038e+00	1.419764772634019845e-01
5.803387967820305494e+04	6.843997981510234752e-01	1.350689208283592235e-01
5.803486969439618406e+04	1.261086141668904759e+00	1.391936118922223742e-01
5.803698617072702473e+04	5.297208773197183973e-01	1.574571083076453659e-01
5.803792937381575030e+04	9.527417895029017814e-01	1.598425371910031367e-01
5.804407253705216135e+04	2.984094985159302382e-02	1.732732749217785750e-01
5.804597763431921339e+04	-1.383843091465003283e+00	1.649458344029439139e-01
5.804701767838619708e+04	-1.236442712294188340e+00	1.631000315826504898e-01
5.805196149708291341e+04	1.111546207348972359e-01	1.704103657817148398e-01
5.805700292162036931e+04	-1.088452389733873815e-03	1.651376980102452208e-01
5.805814940696267149e+04	-4.941346239268753493e-01	1.681179624904509673e-01
5.806010473496841587e+04	-7.291067138432651973e-01	1.665949259370183566e-01
5.806093500006942486e+04	-3.587978384244365770e-01	1.681136047569381786e-01
5.806812153855273937e+04	-1.179799933516761712e+00	1.601493491115734136e-01
5.813713556013906054e+04	1.785435228552618270e+00	1.100952895438983004e-01
5.816417043294863106e+04	6.373341242110974747e-01	1.951902674448409147e-01
5.816514688102939544e+04	-1.128881154772496842e+00	1.927519221705764341e-01
5.817104123197635636e+04	-1.750836702351090679e+00	1.316799500933747702e-01
5.817192225493733713e+04	-7.948486171413406964e-01	1.382087774669230329e-01
5.817894650722530787e+04	-6.522252689092553624e-01	1.342069020384914768e-01
5.818310274107517762e+04	1.451778776935199744e-01	1.319664835724469187e-01
5.818598675838331837e+04	2.069509224476497877e-01	1.325006401457852756e-01
5.818790273916888691e+04	-1.319740357661547847e+00	1.386795289718568691e-01
5.819001722713754134e+04	6.072162502985207766e-01	1.315542457932495080e-01
5.819087691948243446e+04	7.744195662777997313e-01	1.442859604459612866e-01
5.819318007645104808e+04	1.392605404757745191e-01	1.384720720654393500e-01
5.819497290362166677e+04	-9.659662977174114928e-01	1.333844309563172736e-01
5.819594082015599997e+04	-1.085960570010122694e+00	1.345342727779831882e-01
5.819821083112875203e+04	-1.043978756096539229e+00	1.408479994918500344e-01
5.819991621487624070e+04	-1.611271996588644839e+00	1.358474765675614093e-01
5.820119434392870608e+04	-8.013182131385931939e-02	1.384817256913380423e-01
5.820699058631485968e+04	-1.676499114922993527e+00	1.979434601624542045e-01
5.820887948414850689e+04	1.629044012414020415e-01	1.421582226061677834e-01
5.821099344881344587e+04	-2.994808203444421224e-02	1.328676134579196977e-01
5.821393219517875696e+04	2.877912807735754086e-01	1.410686166489824866e-01
5.821507141857135139e+04	6.272664956950428916e-01	1.383541691485167813e-01
5.821693356959568337e+04	4.901256361804939843e-03	1.417169920660296956e-01
5.821787582847628801e+04	-8.877572651990774943e-01	1.494992625568079547e-01
5.821905452689331287e+04	-4.620964273700920444e-01	1.380862535691182169e-01
5.822010736412060942e+04	-1.152802821721593318e+00	1.397409121109508823e-01
5.822113079341305274e+04	-1.769006945794576069e+00	1.411524094680126351e-01
5.822299637705719942e+04	4.639693746765267690e-01	1.389224029911295399e-01
5.822409910260100150e+04	-1.064799840345809656e+00	1.395978720554808261e-01
5.822504520864300866e+04	4.763680884029533047e-01	1.390343656797453364e-01
5.822707822482920892e+04	1.317257754421998328e+00	1.394956337653764089e-01
5.823305634534436103e+04	-1.367599087826125270e+00	1.392951280504879374e-01
5.823399857410270488e+04	6.570334110578102127e-01	1.391392038974077205e-01
5.823490558656115172e+04	4.978015576926004826e-01	1.445566598328721364e-01
5.823694609524506814e+04	-5.566237631256889529e-01	1.400802043265225449e-01
5.823805601080522320e+04	6.318448719529428104e-01	1.387170574659776501e-01
5.823907104207040538e+04	-1.883769929632599371e-01	1.398791287246789750e-01
5.824200286392862472e+04	-9.223997140987840737e-01	1.402655986052029347e-01
5.824301855278470612e+04	-5.053021021430446069e-01	1.393556256910595537e-01
5.824592905966512626e+04	-1.588426925907736376e+00	1.426517759163878074e-01
5.824705303038441343e+04	-4.132026226218954434e-02	1.398495635609028065e-01
5.824811403371203778e+04	4.978895443315067837e-01	1.395602289194691481e-01
5.824898641924573167e+04	8.926198750904390522e-01	1.386586084394097751e-01
5.825188581712599262e+04	1.113816904317804557e+00	1.447559649097975576e-01
5.825302387643499242e+04	-1.153509265489880420e-01	1.396970520638885771e-01
5.825510544721495535e+04	4.365167242999774544e-01	1.405689805965413264e-01
5.825612456021997059e+04	5.560769958705691351e-02	1.408436498553784222e-01
5.825688248817014392e+04	-4.951518828089618296e-02	1.477169373705500832e-01
5.825810658321873052e+04	6.205457178635924720e-01	1.401849773643312480e-01
5.825888484793445241e+04	-2.200652265639000404e-01	1.495700662293885375e-01
5.825988698116596788e+04	-6.709107017153925767e-02	1.472556650176989890e-01
5.826687342751499818e+04	1.476694018065263236e+00	1.485104989674934373e-01
5.826814811027782707e+04	5.043480631796661839e-01	1.422716791291007421e-01
5.827001488482520654e+04	-3.082469334879114342e-01	1.400073311914529772e-01
5.827110663969261805e+04	6.755945393823132861e-01	1.411616265315187857e-01
5.827184137640391418e+04	-7.542624830650481726e-01	1.552312097389915158e-01
5.827285631984813517e+04	5.780518863844008592e-02	1.506317953297264256e-01
5.827410119866322930e+04	-2.827450387435703760e-01	1.402631690390174490e-01
5.827509998600851395e+04	-9.529593625214261010e-02	1.406593107999423997e-01
5.827613000469705003e+04	-2.518713237863998700e-01	1.409201355721138860e-01
5.827696592961745046e+04	-5.513168674150783488e-01	1.394422886919987337e-01
5.828322397996400105e+04	1.034988847706685533e+00	1.506365104394874754e-01
5.828512078549541911e+04	2.867688477272132275e-01	1.419527962529493759e-01
5.828696884103813500e+04	1.167742592798539647e-01	1.401086517928352426e-01
5.828912543535865552e+04	-6.021308953148647447e-01	1.426487701290756749e-01
5.829002051496940840e+04	-8.586535968265920360e-01	1.401322058512524393e-01
5.829098511244853580e+04	-2.054636213274108059e-02	1.401668601084737897e-01
5.829207795070838620e+04	1.699467476092948459e-01	1.407355682494077775e-01
5.829313908436211932e+04	-6.351294805726226400e-01	1.414975830857696237e-01
5.829413378038530936e+04	6.731814952546635311e-01	1.416731223402695750e-01
5.829796782897082448e+04	1.962014548900370414e-02	1.398110735162512719e-01
5.830010058163906797e+04	-7.164313606566246051e-01	1.407438793477111816e-01
5.830387574614842742e+04	-1.044522865680299617e+00	1.903071919949436974e-01
5.830512216345397610e+04	8.097488023113790234e-01	1.674295586454807860e-01
5.830620730980112421e+04	5.341963272977281463e-01	1.466808016376947299e-01
5.830689431039030023e+04	1.878272531282608071e+00	1.464183353584181391e-01
5.831311992467886739e+04	1.269256296985936672e-01	1.466799363479786289e-01
5.831386587794029037e+04	1.202706780865412384e-01	1.565805546994624708e-01
5.831509207824336772e+04	-1.036545131987711699e+00	1.461341740550118617e-01
5.831591425744770095e+04	-1.639188894693361931e+00	1.502498543439332312e-01
