BJD	Res	err
5.722218249587630999e+04	-7.273796415174729191e-01	2.421892312819752258e-01
5.722391687116972753e+04	-4.675329314695773064e-01	2.289541518369341555e-01
5.723295181496451551e+04	3.375525858009496005e-01	2.280637939386934987e-01
5.723413024166393006e+04	-2.218831877285992960e+00	2.257924539646047057e-01
5.723496810407444718e+04	3.891436357862403383e-01	2.270806832965007460e-01
5.723608891514118295e+04	1.445446123716465081e-01	2.234671470293437545e-01
5.723785161063043779e+04	3.742985858389147324e-01	2.514907020961793527e-01
5.723907750609017239e+04	-1.802691888492518046e+00	2.264963282522208521e-01
5.723992076011531753e+04	-5.850658916542670340e-01	2.342238969744510346e-01
5.724196113980243535e+04	3.125493804927828023e+00	2.373880125867025292e-01
5.725198008409460454e+04	-6.842982800581012270e-01	2.252283299920853910e-01
5.725287920852556999e+04	-4.728290391540213022e-02	2.374066149605860987e-01
5.725392418441180052e+04	-1.224232969459080778e+00	2.326059197945850865e-01
5.725511323002979771e+04	-4.170728853141554282e-01	2.295644870785346070e-01
5.725588684520369861e+04	-1.239235483499214752e-01	2.429513294744727325e-01
5.725914204134904867e+04	1.997887281168914342e+00	2.284895797801007322e-01
5.726113331115732581e+04	1.876554353370011086e+00	2.273732104045987912e-01
5.726193471214175224e+04	7.624211211077636108e-02	2.360807457293105094e-01
5.726316294601008121e+04	-1.112976842002353806e+00	2.295032800374976478e-01
5.726397461389168893e+04	-6.369911651227084803e-01	2.312927188845298188e-01
5.726505711788827466e+04	4.955968646090695984e-01	2.295254516130509348e-01
5.726613164115887048e+04	-5.170825379946109024e-01	2.306875245565482013e-01
5.726691520497083548e+04	-8.263301244305694127e-01	2.449599926329510680e-01
5.726786173013692314e+04	-4.641649090035571135e-01	2.487916204842890722e-01
5.726899904854912165e+04	4.201552871381863952e-01	2.263480940540980590e-01
5.727003197692429239e+04	4.383155281811923487e-02	2.295148366989823441e-01
5.727108115630353859e+04	1.958317353328311583e-01	2.299805166989797589e-01
5.727293564436733868e+04	2.665400205423793523e-01	2.407809715616784640e-01
5.727404854122327379e+04	7.314483651134651154e-02	2.354722103192583293e-01
5.727512443259388965e+04	-2.100452809399939724e-01	2.310892825066630796e-01
5.727799895966020995e+04	1.202027810517392936e+00	2.315015794535501825e-01
5.727914781264035992e+04	7.114820321321531083e-01	2.354812002201237542e-01
5.728009598712627485e+04	6.120831168791482924e-01	2.319863478503593479e-01
5.728094982365499891e+04	-1.875911088835891860e+00	2.361324106261674383e-01
5.728206901844918320e+04	1.853708757021195197e+00	2.307277723198144503e-01
5.728313381301489426e+04	-1.113593187763399328e+00	2.328683769189144603e-01
5.729290288893938850e+04	1.349549479620691272e+00	2.469975507924217772e-01
5.729399593177351926e+04	2.703159251120268891e+00	2.351103101515944760e-01
5.729486595496555674e+04	-1.555150011945443111e-01	2.533498213208029148e-01
5.730110538716134761e+04	1.029751207029221405e+00	2.637488463312896436e-01
5.730200421928437572e+04	5.454520309922372689e-01	2.260973358962653501e-01
5.730292134819882631e+04	-9.031392619945108891e-01	2.392607257450469482e-01
5.730411825520274579e+04	2.495149571050205850e-01	2.295475294686412093e-01
5.730694149808207294e+04	-1.780431687108830374e+00	2.339386503060224276e-01
5.730803354676790332e+04	-3.667697581095126225e-01	2.258791717434268931e-01
5.732195510678999563e+04	-9.346767928318513441e-01	2.249439998478941216e-01
5.732393824093314470e+04	-2.173462505158568092e+00	2.275780016290738228e-01
5.732503690046801057e+04	1.463081060983313364e-01	2.224498441926131276e-01
5.732602413406591950e+04	6.950803576764883474e-01	2.214012169297621957e-01
5.732791467010226188e+04	-1.496208250929157657e+00	2.351460179737770995e-01
5.732892672839445731e+04	-1.316426466700249875e+00	2.313637660167795207e-01
5.733014761128581449e+04	-1.287145601099837222e-01	2.304470035346635193e-01
5.733089984056852700e+04	7.056342186369874980e-01	2.377443285704150810e-01
5.733196093302501686e+04	9.811157055719377240e-01	2.246496625875575859e-01
5.733296084970870288e+04	3.316631714615141391e-01	2.245153996598886204e-01
5.733409681480474683e+04	-1.053954045650243643e+00	2.239665585356479804e-01
5.733490896242979943e+04	-2.624432475268804410e+00	2.387090192975763747e-01
5.734501944719991297e+04	-4.373021594956298941e-01	2.258203858451659218e-01
5.734695019914199656e+04	8.007160719007515581e-01	2.303784391636905238e-01
5.734791556843950821e+04	2.985081468441421748e-01	2.374988231331209010e-01
5.734997599724294560e+04	-4.506421518426577677e-01	2.261986603095026693e-01
5.735117235232754319e+04	-9.783688790448650252e-01	2.454104918988947448e-01
5.735307491231716995e+04	-9.362009195992868626e-01	2.323631497716628080e-01
5.735491036255299696e+04	-1.265348901817560545e+00	2.472497679538085968e-01
5.736092306400713278e+04	-1.033052533413865604e+00	2.445731862318039906e-01
5.736797031061255257e+04	1.298287032061125501e+00	2.352513788559769115e-01
5.737199894209040212e+04	-4.902821113382742624e-01	2.390086516806708694e-01
5.737910503113822779e+04	1.403241810329745931e+00	2.399396273364346743e-01
5.737996942719434446e+04	7.196636907356150914e-01	2.419427497075271605e-01
5.738097406124865665e+04	1.665798044687107904e-01	2.411191511461805714e-01
5.738614630625353311e+04	2.454263477879067068e+00	2.451819466539804093e-01
5.738694872872376436e+04	6.038805639655038249e-01	2.441281073255151535e-01
5.738800573108796380e+04	-2.567184644698500051e+00	2.361965167651444986e-01
5.739108672644887702e+04	9.331668462264133268e-01	2.375992519843309336e-01
5.739415124080735404e+04	1.832402183845260879e-02	2.447852457803787185e-01
5.739493107354779204e+04	-1.810793090244260384e-01	2.492114736950870324e-01
5.739607887145155837e+04	1.891551520266148145e-01	2.373060913451529308e-01
5.739706415438615659e+04	4.161855257916613482e-02	2.365020711451294444e-01
5.739810578269722464e+04	1.020925877258378023e+00	2.375795862548002180e-01
5.739906009629162145e+04	-7.399279076953462209e-01	2.352909745982257050e-01
5.740593707657718187e+04	-4.122086247143670334e-01	2.509414295616715918e-01
5.740711138087360450e+04	1.184594877466224716e+00	2.385729941503596796e-01
5.740817011640279816e+04	4.571534319638885790e-01	2.471393444536068851e-01
5.741299663055427663e+04	4.005392027502239216e-01	2.391164679402948412e-01
5.741416605086105119e+04	6.973216549777134787e-01	2.535958329816849766e-01
5.741799256408346992e+04	-4.279261504234455060e-01	2.383188637662673193e-01
5.741904987369654555e+04	7.937456251283947495e-01	2.356266607303492966e-01
5.742413049091137509e+04	3.163172089134604903e-01	2.417146106540026818e-01
5.742800451114343014e+04	2.334898116932890844e-01	2.506723616671880372e-01
5.742892523945621360e+04	-5.945030417569796555e-01	2.668182552034725208e-01
5.743011207076595747e+04	2.944082304829862551e-01	2.410266444730548852e-01
5.743097354154312779e+04	-2.316679030482191592e-01	2.389044161909530117e-01
5.743316270496119978e+04	-7.548814141773618758e-01	2.424544391966680090e-01
5.743402745144344954e+04	1.943570139542316610e+00	2.355854873277835881e-01
5.743601480222826649e+04	-1.251684279997789417e+00	2.362253500387364313e-01
5.744008916997300548e+04	1.701869111944688484e+00	2.366132092062318282e-01
5.744504099954455887e+04	2.043464069402034511e-01	2.359449794877651607e-01
5.744591617324696563e+04	-1.763163677658667439e+00	2.525412135604475639e-01
5.744800385529352934e+04	1.062127017617967795e+00	2.371896712745484581e-01
5.744899632747523719e+04	2.457181500258229789e-01	2.346286564973142641e-01
5.745103549944573024e+04	2.218645515631578746e-01	2.660813505116296773e-01
5.745304763160986477e+04	4.060388327616237802e-01	2.403705417423406265e-01
5.745398585761812137e+04	7.044937556729564676e-01	2.396556617177242055e-01
5.745509054588233994e+04	-5.041348238246428082e-01	2.393992223240448691e-01
5.745592368632012949e+04	-4.506041588583684643e-01	2.508923456228182025e-01
5.745699621605428547e+04	4.680628203850574209e-01	2.379801030680451512e-01
5.745802519235028740e+04	1.058150534237938700e+00	2.394007023504059750e-01
5.745902206285212742e+04	-1.433499860677329707e-01	2.366904671971001572e-01
5.746200396878796892e+04	1.481591321789892390e+00	2.383458187225941660e-01
5.746320205369657924e+04	-1.460185074515720771e+00	2.520432532792560854e-01
5.746493027957682352e+04	5.303311136876800447e-01	2.576568423600449909e-01
5.746995706212560617e+04	5.740310073033469962e-01	2.485085172025278955e-01
5.747395297524705529e+04	1.835083239316190884e+00	2.489486268176348271e-01
5.747488267371329130e+04	7.843708099626383046e-01	2.629057906610227091e-01
5.747611970442417805e+04	-2.183692111427262716e+00	2.443286219045801566e-01
5.747689647744099057e+04	8.518639915100720827e-01	2.596588226240078567e-01
5.748217096708052122e+04	-1.455645745323636220e+00	2.435059587502655942e-01
5.748505026291837567e+04	1.146059336354483094e+00	2.349671273271068117e-01
5.748612088859878713e+04	-1.904619997916597640e+00	2.374869973626070607e-01
5.748705030144679040e+04	-8.061809906103007961e-01	2.354821994216803882e-01
5.748807654627154261e+04	-8.510585385911326739e-01	2.348470212302079529e-01
5.748902045974098291e+04	1.411854920630503329e+00	2.367207260115280210e-01
5.748987418026379601e+04	2.216143221294260002e-01	2.552629306380252427e-01
5.749110286336443096e+04	-5.491682495330678648e-01	2.365046095993764419e-01
5.749812560411560116e+04	-2.286595925891560910e+00	2.378167768505159430e-01
5.750202758616731444e+04	4.276107210789632518e-01	2.369103739161373678e-01
5.750292689647042425e+04	-1.010851626624571509e+00	2.469852103620539252e-01
5.750718162785549066e+04	-6.042962863275533891e-01	2.461770608489913525e-01
5.750802047395486443e+04	1.558817805635044351e+00	2.378548041386572276e-01
5.750902094199061685e+04	1.208255287126121402e+00	2.379982446121057527e-01
5.751010377570117271e+04	-8.007954115364555037e-01	2.366657382324200698e-01
5.751194102935169940e+04	2.696463359143308480e-01	2.450900093771980204e-01
5.751285670481258421e+04	-1.189013070757027890e+00	2.612476630733355232e-01
5.752212781735960743e+04	-4.105566763973911293e-01	2.480819358582980749e-01
5.752306670361200668e+04	2.039108817851229105e+00	2.436267252438722997e-01
5.752586391983911017e+04	-2.209785735208242841e+00	2.617474171190657395e-01
5.752706403318127559e+04	7.654079657158945338e-01	2.465736906542313200e-01
5.752806301495146181e+04	7.330178574093224597e-01	2.455862973314979492e-01
5.752891144702566089e+04	5.233972679598082323e-01	2.543763726723117236e-01
5.753207976665233582e+04	1.058553094032504305e+00	2.455793983807173231e-01
5.753284654377615516e+04	-1.665735144830250647e+00	2.673315912126678628e-01
5.753391784759531583e+04	-1.153812207165174186e+00	2.553039435513838051e-01
5.753488145590903150e+04	-4.332248944529055734e-01	2.579723121795624574e-01
5.753602114932166296e+04	2.398251339205671684e+00	2.467451272367260084e-01
5.753714581971090229e+04	2.077670312801274122e-01	2.496646238748206903e-01
5.754407358966911852e+04	5.694822710938751698e-01	2.472563412321638621e-01
5.754487218439547723e+04	-2.086614594825732638e+00	2.635704459376113640e-01
5.754595904663584224e+04	5.503918253543815808e-01	2.529279374088779231e-01
5.754701727574120741e+04	4.355349907054915093e-01	2.528357494027686503e-01
5.754822849380992557e+04	9.442015013701166026e-02	2.651933179306155686e-01
5.754909622867717553e+04	9.610821798223696533e-01	2.484232188318055978e-01
5.754994140885226807e+04	-2.457154828052807716e-01	2.553881721338766564e-01
5.755104363625435508e+04	1.262191972109576454e-01	2.497920563990727594e-01
5.755202815382521658e+04	7.154660317619345733e-01	2.516282785353491924e-01
5.755299955529756699e+04	-4.790352188183533144e-01	2.513422008821805109e-01
5.755400356239650137e+04	-1.619870433472897275e+00	2.502684167395577419e-01
5.755491395682939765e+04	-7.027499270870976034e-01	2.581196512328695625e-01
5.755587727620040823e+04	-4.943404173245653510e-01	2.639513966290069624e-01
5.755706548580297385e+04	2.406521400519523013e+00	2.496858322070129033e-01
5.755802393437797582e+04	-2.701111623036922538e-01	2.500131155591464593e-01
5.755991654791399924e+04	-2.735198295431473525e-01	2.617123211717619635e-01
5.756091147412321152e+04	-9.916023908381248475e-01	2.790906967600890742e-01
5.756211001873706846e+04	2.941577467108800192e-01	2.664669232065920990e-01
5.756715466868032672e+04	7.981055164236749988e-03	2.548673236307338885e-01
5.756812919920565037e+04	8.022368514157278696e-01	2.527695645920105538e-01
5.756925132112118445e+04	1.577490162207141111e+00	2.758477679699952168e-01
5.757114246390038170e+04	-4.519325444234709721e-01	2.548493649808656891e-01
5.757196904835025634e+04	-3.128822505195785197e-01	2.567056687783427216e-01
5.757303913045299123e+04	-1.213083254066077643e+00	2.529145454853854447e-01
5.757398506101049861e+04	-1.060876890305735287e-01	2.542645185699961008e-01
5.757710565541387768e+04	-5.208894903726104531e-01	2.526881550382154007e-01
5.757802457860420691e+04	-1.924579786455069552e-01	2.525285210999141383e-01
5.758207341696273215e+04	-2.014740552486728120e+00	2.518842279268235229e-01
5.758290074503495271e+04	1.666503942777126213e+00	2.788947684813048444e-01
5.758505369772802806e+04	-6.973982961053479812e-01	2.748527238665280925e-01
5.758619458747888712e+04	1.207061596324820130e+00	2.906337012838072775e-01
5.758716493511012959e+04	8.623481312497460749e-03	2.570744609032394323e-01
5.758802168761626672e+04	2.335484008826824720e-01	2.550361252879593255e-01
5.758888113703740964e+04	2.730323625157325296e+00	2.781099635071489495e-01
5.759106345508817321e+04	-6.016416507227404509e-01	2.958878179463134139e-01
5.759196758506730839e+04	8.996393156303383876e-02	2.981487312162090508e-01
5.759304090815815289e+04	7.193795485454756999e-02	2.674088709060239988e-01
5.759395444633371517e+04	6.341922170067846309e-01	2.747735191829914769e-01
5.759684970819564478e+04	4.244021860104112420e-01	3.440233450528045189e-01
5.759790455097411905e+04	-4.046013212491743616e-01	2.901107506302912364e-01
5.759885786198528513e+04	7.552854110417683842e-02	2.895754917552155194e-01
5.760010594305113773e+04	-9.408094582322519273e-01	2.768432833148811167e-01
5.760091518600507698e+04	2.067282667728250090e+00	3.022005068444380549e-01
5.760204808159654931e+04	-5.607971966792320018e-01	2.587926980906929963e-01
5.760293135218974203e+04	1.754949055377437617e+00	2.635046570663039378e-01
5.760385330721769424e+04	-1.043635290469865140e+00	2.764069116893193567e-01
5.760500418120237009e+04	1.901054084510178654e-01	2.824278657382338631e-01
5.760685064644357044e+04	-1.084306531816764618e+00	3.644837403690457944e-01
5.760784435736531304e+04	-1.022132868230073655e+00	3.125390777084749439e-01
5.760899418960297771e+04	2.321157501737616258e+00	2.620021731443747393e-01
5.761002709803861217e+04	1.896957089011266362e-01	2.728607365026733400e-01
5.761397224106359499e+04	2.272537711723998655e-01	2.674709484430697337e-01
5.761488052381110174e+04	-1.458913577270323003e+00	2.678429791515172242e-01
5.761700769548760582e+04	1.764811090776674973e+00	2.541542220974837840e-01
5.761803083072757727e+04	1.334097179975287872e+00	2.538170826999517904e-01
5.761910084565499710e+04	-9.244664213110809214e-01	2.505376021433188272e-01
5.762014512969579664e+04	-9.527591043115535285e-01	2.559723870312859417e-01
5.762101336721856205e+04	1.683995781168960093e+00	2.542812851200502711e-01
5.762295897651654377e+04	-4.797796394568649703e-01	2.699571204804175895e-01
5.762399710704420431e+04	2.249082994552736636e+00	2.667606407495032861e-01
5.762613711658005195e+04	-1.445404049890385068e+00	2.539505689190934556e-01
5.762711244403936871e+04	-5.192268630871694768e-01	2.527504375312866203e-01
5.762792555841694411e+04	2.296298105920868693e-02	3.253757109383883517e-01
5.763014019060130522e+04	-7.337984532787231728e-01	3.046162942107616955e-01
5.763102223904115817e+04	2.057500533358506800e+00	2.645434786989804832e-01
5.763422346636503062e+04	-1.087640816412204003e+00	2.759103593793357234e-01
5.763588511679249496e+04	-2.096841999746175134e+00	2.739461994728825123e-01
5.763705418471936719e+04	1.577883109114736726e+00	2.552528814140411217e-01
5.763805222087709262e+04	2.096562530367918953e+00	2.538056595213498134e-01
5.763908896134346287e+04	7.854496253185061505e-01	2.575344596387275642e-01
5.764012662455676764e+04	-1.897049605249776505e-01	2.601598615481652832e-01
5.764113491525562858e+04	-6.841891379335720558e-01	2.614870511602756520e-01
5.764215998658012541e+04	-6.185051382726669544e-01	2.602021583716213615e-01
5.764406767281886277e+04	2.079438189160100592e+00	2.666253175391935515e-01
5.764516455296331696e+04	-3.076983618720987579e-01	2.673550190422159245e-01
5.764608565801179066e+04	4.684602087645544088e-01	2.503516851291583412e-01
5.764714667590917088e+04	-3.126499835643699043e-01	2.545612137092975735e-01
5.764786274857041280e+04	-2.227882634511843207e+00	2.749208235861101968e-01
5.764905393577834184e+04	6.629635127810615813e-01	2.514624602938133058e-01
5.765008464869584714e+04	7.718892022749059834e-01	2.520347799922906806e-01
5.765102943475004577e+04	2.011252093442635669e+00	2.520897381285474581e-01
5.765389978566686477e+04	-1.982255254124538624e+00	2.675119073019853189e-01
5.765509361630025523e+04	8.481169137930919533e-01	2.506357249632977235e-01
5.765601933330369502e+04	1.479247440232938970e+00	2.514038055408465144e-01
5.765695122422647546e+04	-3.659412801944199600e-01	2.563426758744414280e-01
5.765788263197246852e+04	-1.366094199092913186e-01	2.698892989080006743e-01
5.765889512496081443e+04	3.859072802342780051e-01	2.670357694366381485e-01
5.766096116685865127e+04	-5.579637072733021341e-01	2.595227007587492807e-01
5.766397501984203700e+04	-6.040193904045736417e-01	2.517418395158212419e-01
5.766809669133147690e+04	1.377063767683466722e+00	2.563524478445347032e-01
5.767113183184869558e+04	3.595671217453855206e-01	2.568826261163240643e-01
5.767311278449150268e+04	2.310337786809213867e+00	2.548081576810861670e-01
5.767516679496151482e+04	1.952618055984203238e-01	2.633513164833735654e-01
5.767592402414281241e+04	-8.874000170362705830e-01	2.706505605759574329e-01
5.769096347315367166e+04	-2.675786531399353407e-01	2.581340956743126136e-01
5.769988893022521370e+04	-6.029999849597516004e-01	2.812843743881046632e-01
5.770093621725602861e+04	-4.787185005625360645e-02	2.639381134334267687e-01
5.770214208906410931e+04	-8.732843982634221902e-01	2.648722450382080540e-01
5.770315391201513557e+04	6.035931864389567636e-01	2.674114657340404544e-01
5.770408915387626621e+04	-5.139827818247795221e-01	2.579430953004124283e-01
5.770601144931394083e+04	1.772011629555890977e+00	2.573672621946900274e-01
5.770914054572659370e+04	-1.076913526783755515e+00	2.703032147756264103e-01
5.771909878420423775e+04	-1.582638001727900701e-01	2.607065611737111044e-01
5.771999088318214490e+04	1.615365558891426190e-01	2.603480128266283944e-01
5.772306707531688153e+04	9.806411181189105264e-01	2.597788657661694867e-01
5.772805388435740315e+04	3.658569259068826796e-01	2.602356295804369446e-01
5.772904548832178261e+04	9.153048517327988520e-02	2.594436430417469963e-01
5.773105045942693687e+04	-2.884177275518595707e-01	2.597211187920297482e-01
5.773314386187310447e+04	-2.063605316152461455e-01	2.683256925717985020e-01
5.773400620847655955e+04	-3.847395872553533991e-01	2.568727738495574786e-01
5.773600952689809492e+04	-2.104974994244912523e-01	2.568711174834657496e-01
5.773697794537823938e+04	5.709010650944037479e-01	2.436038798902894209e-01
5.773807017627986352e+04	-3.495015632324793842e-01	2.535027438810764644e-01
5.773903011463936127e+04	-5.440567657560677617e-01	2.537274204633920838e-01
5.775005882862828730e+04	-9.867703849922691006e-01	2.822189957086656542e-01
5.775700438329733879e+04	1.167958547921443824e-02	2.576279697860776596e-01
5.775997528764689923e+04	-5.371538521803813637e-01	2.699965981776970003e-01
5.776300933560136036e+04	-1.146104749890582752e+00	2.623779533060227043e-01
5.776408968651931355e+04	4.647626733603829052e-01	2.599084330886199390e-01
5.776913625712603971e+04	1.126106773848732701e+00	2.704986563824968715e-01
5.777009135582054296e+04	4.403175296383778914e-01	2.640167396687174151e-01
5.777293055611798627e+04	1.677698201436214731e+00	2.798035240795012646e-01
5.777394901874445350e+04	-7.630535314583539730e-01	2.774731510498475995e-01
5.777497904243520316e+04	-9.405253847089625197e-01	2.660903958225991350e-01
5.777706281731610216e+04	3.322588725450259517e-01	2.613835518171929162e-01
5.777813123728211940e+04	1.342479690019899863e+00	2.657569400041728813e-01
5.777891405756099266e+04	-1.629483251930651022e+00	2.814835566238120257e-01
5.778802617254096549e+04	4.203943039083242184e-01	2.622924092397371232e-01
5.778892426221027563e+04	-1.312712066344829509e+00	2.773263014358728351e-01
5.778991683228460170e+04	-1.521960060666060599e+00	2.802027054035403641e-01
5.779095278108432831e+04	1.507524475608079229e+00	2.698111056942524844e-01
5.779292761839699233e+04	1.357290245059630251e-01	2.758741426769825700e-01
5.779390830304966948e+04	-5.633538613037671894e-01	2.840580613065199489e-01
5.780006344296762836e+04	2.417256821117916843e-01	2.587709864528615067e-01
5.780217658614294487e+04	-6.663891634516403428e-01	2.823195832762507851e-01
5.780507614031344565e+04	2.979926839170730091e-01	2.598835437706442097e-01
5.780806787405959767e+04	6.228150450897373958e-02	2.667289894908196901e-01
5.780995381871834252e+04	2.684073515465570381e-01	2.758768774200660578e-01
5.781115524452966201e+04	2.971442665057111299e-01	2.717853892103033742e-01
5.781213806839407334e+04	-6.569760548727572314e-01	2.695978331899119840e-01
5.781304378089933743e+04	9.988460607073648134e-01	2.705410091440729747e-01
5.781397608129892615e+04	4.941363050184008898e-01	2.687377162660207208e-01
5.781497422163018928e+04	-2.365130611888162093e-01	2.790475394091945782e-01
5.781608449202714837e+04	-5.439226076159684453e-01	2.680405390880225558e-01
5.781700966368814989e+04	4.150763749203179032e-01	2.693297922497663310e-01
5.782005879948742950e+04	-1.746301122702789144e-01	2.735199408789196762e-01
5.782094744623149018e+04	1.058158270548119617e+00	3.099123155170827038e-01
5.782188723713688523e+04	-1.132876670248151640e+00	3.359784677290655330e-01
5.782514033768785157e+04	-1.807469035480607999e+00	2.741282536065928754e-01
5.782597839734247100e+04	1.472152761781217123e+00	2.708008144561568353e-01
5.782900293020263780e+04	9.343258685976252309e-01	2.778406292974317515e-01
5.783604429138623527e+04	5.531364494963781908e-01	2.625966613112586390e-01
5.783709451088165224e+04	-1.736861535055140848e-01	2.624887767490783896e-01
5.784007879471089109e+04	-5.793351451320631895e-01	2.639865234458269594e-01
5.784096309641345579e+04	3.501991154944334994e-01	2.687998820787437237e-01
5.784507401843608386e+04	4.720387573424886796e-01	2.675690211958517417e-01
5.784596712586918147e+04	3.278145645482254622e+00	2.709269574213721832e-01
5.784686326089099020e+04	-5.936997827484447043e-01	2.912161387419530678e-01
5.784812825979183253e+04	-1.647720751262568228e+00	2.653314497631633628e-01
5.784904649030935252e+04	6.246498765613068826e-01	2.638052306772400990e-01
5.784989198031750129e+04	-1.262287070312595461e-02	2.736140946148454822e-01
5.785106828216116264e+04	9.052419351974094752e-03	2.591390958251348908e-01
5.785190580795949063e+04	1.757386768285869039e-01	2.692468693628877197e-01
5.785305033214913419e+04	1.129907099908450618e+00	2.602112105520803520e-01
5.785589736191210250e+04	1.310161599431012291e-01	2.801184980197960472e-01
5.785703197202116280e+04	-1.941039125037605118e+00	2.521940302788348021e-01
5.786004504380821891e+04	-1.354283957608458877e+00	2.685200779564217433e-01
5.786098986210121075e+04	1.215195700667209167e+00	2.765748056157013024e-01
5.786196940857401205e+04	5.564698795951699140e-01	2.473643520120351325e-01
5.786284707662161236e+04	-5.230937671649371623e-01	2.740608021151129670e-01
5.786510376951314538e+04	-2.293778480669971032e+00	2.463758862875189692e-01
5.786600600285922701e+04	2.739271571181234322e-01	2.464094684667058888e-01
5.786701583195257990e+04	1.751742419401125517e-03	2.452647032496365898e-01
5.786796154229143576e+04	-2.605739528526100912e-01	2.482054613686589528e-01
5.787486559782475524e+04	-1.013224420698861650e+00	2.693569435050866545e-01
5.787586296091316763e+04	-1.485186474690635805e+00	2.687430973781217980e-01
5.787906093803044496e+04	-2.930513926530693425e-01	2.472231418395777203e-01
5.788096916964261618e+04	-3.716884179293629131e-01	2.484412333113183990e-01
5.788710114679319668e+04	-5.672182090884234640e-01	2.477973855250653612e-01
5.789213433571685164e+04	-6.668879283333808417e-01	2.497555225313778104e-01
5.789508494481393427e+04	1.544996899756370112e-01	2.476304531164723599e-01
5.789609687557845609e+04	-5.042748449559439905e-01	2.486584771137911043e-01
5.789786975373266614e+04	-5.978817369223179412e-01	2.678863756850182187e-01
5.789914696685454692e+04	-6.730532810161093948e-02	2.507917164920346331e-01
5.789987678014318954e+04	-5.546334702285093954e-01	2.652725717431182462e-01
5.790188797094691836e+04	-7.180869951653221506e-01	2.631005432265559052e-01
5.790286238781029533e+04	-2.129776124614181754e+00	2.681903532388803524e-01
5.790509026045659994e+04	6.603410749903559918e-02	2.479850296540688503e-01
5.790611758595244464e+04	-2.684548175711825024e-01	2.489213656804759867e-01
5.791303726735641976e+04	1.095609086916738306e+00	2.481319337714606166e-01
5.791701506907041767e+04	-5.776589810748191667e-01	2.499557100218832428e-01
5.791788348280022910e+04	-1.262367965416160587e+00	2.654170428404117321e-01
5.792015776820814062e+04	3.432686977257617400e-01	2.533114622802100091e-01
5.792088053501294053e+04	-1.392409349014997133e+00	2.670912978692597251e-01
5.792311779988094349e+04	1.548990948253958777e+00	2.494343611336415079e-01
5.792502312010402238e+04	-5.674506532332088682e-01	2.492817940157610324e-01
5.792597680593211408e+04	-1.670683997640480811e+00	2.587783103025712017e-01
5.792702269402758975e+04	-6.480721802472544368e-02	2.987705059357338988e-01
5.793090886714436783e+04	-7.660495355648890836e-01	2.951680399317486159e-01
5.793312230700624787e+04	1.884069154001736024e+00	2.614790725810203220e-01
5.793404583298163197e+04	-5.334157083607351524e-01	2.545356313418529748e-01
5.793607847822301846e+04	-1.040821163670443639e+00	2.543818862454357288e-01
5.793703376391971688e+04	-3.179121556122481707e-01	2.555275993347733143e-01
5.793810649623571226e+04	-5.105351814518144238e-01	2.554065350082615482e-01
5.793889684273618332e+04	4.605292081250809133e-01	2.687541605944281931e-01
5.794012292767063627e+04	-3.034685869570239447e-01	2.581725570750910137e-01
5.794492859977798071e+04	6.769864611214870820e-02	2.617034047909407302e-01
5.794803614624623879e+04	7.384854972515313420e-01	2.556377112387592798e-01
5.794986811578823108e+04	7.399247247694802354e-01	3.598605969747217248e-01
5.795305489056517399e+04	-6.367632400088041322e-02	2.685809423930243800e-01
5.795393294025099021e+04	4.360110028592316667e-01	2.613509427864619261e-01
5.795499742931004585e+04	-6.519400201341341017e-02	2.585965344741552596e-01
5.795604107060181559e+04	-1.529655302579158160e+00	2.572777544636054015e-01
5.795700924723033677e+04	-1.869812345687023480e+00	2.602246439085350027e-01
5.795795995946624316e+04	-4.207279955935518956e-01	2.594329386694264605e-01
5.795896537735006859e+04	1.821469126394731575e+00	2.786576438671563016e-01
5.796200532161736191e+04	-5.746461998151062289e-01	2.881411738206997586e-01
5.796304260532534681e+04	-1.102387686507427134e+00	2.812809250725678556e-01
5.796384847913778503e+04	-6.972809934713950497e-01	3.659835863789560051e-01
5.796487303088443150e+04	1.268421155923533661e+00	2.939775704138701262e-01
5.796585511649785622e+04	3.991971041623401106e-01	2.796604706814824204e-01
5.796694812909369648e+04	3.530383476390852593e-02	2.570615777421491610e-01
5.796800410095298139e+04	3.808260636014892953e-01	2.613371487307897811e-01
5.796894704362611083e+04	1.091563002657494508e+00	2.570102890524593731e-01
5.797005673098039551e+04	-9.264775844940231764e-01	2.560239376877886941e-01
5.797107599841088086e+04	-2.137682855175626173e+00	2.549939283703081538e-01
5.797200904346943571e+04	-1.832668079978247988e-01	2.622268430214194646e-01
5.797484917074124678e+04	-9.174756545562559040e-01	3.635368948121124322e-01
5.797807304571271379e+04	-1.209037451479161973e+00	2.751127448233305350e-01
5.797988440437275131e+04	4.359208808991752448e-01	2.733130603265215286e-01
5.798412176827678195e+04	-1.086766355527288397e+00	2.785126237637207125e-01
5.798487884292681701e+04	-9.994834577610163251e-01	2.769351053815342634e-01
5.798606399943599536e+04	3.667707061931650969e-01	3.061527403551771997e-01
5.798692158784053754e+04	6.901359736721133231e-01	3.820422600290826476e-01
5.798901845301394496e+04	9.521846419793291716e-01	3.043462623929378275e-01
5.799100892673392082e+04	1.584409666083047341e+00	3.262487346766115848e-01
5.799200585464394680e+04	2.005935365300501871e+00	3.137864592735724045e-01
5.799389315152880590e+04	-1.268446915353706572e+00	2.939732884830704163e-01
5.799512340108292847e+04	5.433501194438576931e-01	2.676490179891048427e-01
5.799699984900544951e+04	4.414975434265215881e-01	2.661512753425288036e-01
5.799997463470458024e+04	-3.526242166071824613e-01	2.649303666803597967e-01
5.800191808355425019e+04	2.460700133527097933e+00	3.030534420756548220e-01
5.800287182935361488e+04	2.458645155814338068e+00	2.784398278206115518e-01
5.800508065038253699e+04	6.293722311265810276e-01	2.887974515272002107e-01
5.800598838651636470e+04	8.472945939256533165e-01	2.877655940401009915e-01
5.800810831114782923e+04	-2.487528275678414502e-01	2.659394730603487633e-01
5.801310458372735593e+04	-2.312020303988902015e-01	2.772677965423428481e-01
5.801499921115241887e+04	3.653139871885286993e-01	3.299176371148984654e-01
5.801695314250135561e+04	3.835012077634019079e-01	3.179509096268105517e-01
5.801790709382812929e+04	-1.389909077720403729e+00	2.602876808236754269e-01
5.801887257521833817e+04	-2.889049330315174302e-01	2.720484995886724433e-01
5.802387091736177535e+04	7.175161612449301174e-01	2.824170623864541430e-01
5.802712266330412967e+04	-8.707539469742187066e-01	2.575943021147381606e-01
5.802789690835672081e+04	-1.334175883020179754e+00	2.664604018238576066e-01
5.802906923905935400e+04	1.032101214063004591e+00	2.535361239701978131e-01
5.803000061945877678e+04	5.317208936448878376e-01	3.116951740528124404e-01
5.803100102827463706e+04	1.483448027461236052e+00	3.109127184904156294e-01
5.803196327234658384e+04	-2.993966534786522971e-01	3.128646245377283974e-01
5.803318213040917908e+04	-2.366139505628780171e+00	2.839529545268039690e-01
5.803387967820305494e+04	-5.554537359194000601e-01	2.701378416567182805e-01
5.803486969439618406e+04	1.435264284449658589e+00	2.783872237844447484e-01
5.803698617072702473e+04	1.300803678360352933e+00	3.149142166152909539e-01
5.803792937381575030e+04	-1.521820311105329893e+00	3.196850743820062180e-01
5.804407253705216135e+04	5.559600198894258938e-01	3.465465498435573166e-01
5.804597763431921339e+04	6.853989841829388752e-01	3.298916688058879942e-01
5.804701767838619708e+04	6.572934944324515527e-01	3.262000631653011462e-01
5.805196149708291341e+04	2.619180043275264325e-01	3.408207315634299017e-01
5.805700292162036931e+04	2.157015403709010570e+00	3.302753960204899975e-01
5.805814940696267149e+04	-6.855224902265035780e-01	3.362359249809017681e-01
5.806010473496841587e+04	-4.338116336084567592e-01	3.331898518740365467e-01
5.806093500006942486e+04	1.717295565867971163e-01	3.362272095138768013e-01
5.806812153855273937e+04	-1.559170180889850599e-01	3.202986982231472157e-01
5.813713556013906054e+04	6.070298425020155264e-01	2.201905790877966007e-01
5.816417043294863106e+04	-1.644766589856772043e+00	3.903805348896818295e-01
5.816514688102939544e+04	7.879499317323279683e-01	3.855038443411530902e-01
5.817104123197635636e+04	-3.665736212251431425e-01	2.633599001867499290e-01
5.817192225493733713e+04	-1.936704587033091229e-01	2.764175549338460658e-01
5.817894650722530787e+04	9.543302672273057397e-01	2.684138040769827871e-01
5.818310274107517762e+04	-1.806376098606051528e+00	2.639329671448936709e-01
5.818598675838331837e+04	8.976983911807110417e-01	2.650012802915705512e-01
5.818790273916888691e+04	1.740175998747872654e-02	2.773590579437133496e-01
5.819001722713754134e+04	2.326073113658821967e+00	2.631084915864988494e-01
5.819087691948243446e+04	-2.452694222347417963e-01	2.885719208919224066e-01
5.819318007645104808e+04	-2.381326781216557720e+00	2.769441441308788110e-01
5.819497290362166677e+04	1.825596100364236918e+00	2.667688619126339922e-01
5.819594082015599997e+04	8.463134281737438869e-02	2.690685455559669315e-01
5.819821083112875203e+04	-1.229539296668008319e+00	2.816959989836997358e-01
5.819991621487624070e+04	8.988088006872203550e-01	2.716949531351229852e-01
5.820119434392870608e+04	-1.562832896548570716e+00	2.769634513826764732e-01
5.820699058631485968e+04	-4.740838128345785663e-01	3.958869203249082425e-01
5.820887948414850689e+04	-6.440027757853385992e-01	2.843164452123359554e-01
5.821099344881344587e+04	1.205066465076015447e+00	2.657352269158393954e-01
5.821393219517875696e+04	1.607907472902297741e+00	2.821372332979646402e-01
5.821507141857135139e+04	-1.972541793957134360e+00	2.767083382970339511e-01
5.821693356959568337e+04	2.990642495360589237e-01	2.834339841320600017e-01
5.821787582847628801e+04	-3.892509414299638593e-01	2.989985251136156874e-01
5.821905452689331287e+04	-1.645787963780094287e-01	2.761725071382368224e-01
5.822010736412060942e+04	3.179213231369431014e-01	2.794818242219017645e-01
5.822113079341305274e+04	-7.155424648381085717e-01	2.823048189360250482e-01
5.822299637705719942e+04	1.269298733225696196e+00	2.778448059822593019e-01
5.822409910260100150e+04	-7.913629020349617349e-01	2.791957441109614302e-01
5.822504520864300866e+04	6.761029997996956808e-01	2.780687313594908949e-01
5.822707822482920892e+04	-5.224607664276845753e-01	2.789912675307529843e-01
5.823305634534436103e+04	2.906715834275928501e+00	2.785902561009754863e-01
5.823399857410270488e+04	-6.024532108585844981e-02	2.782784077948156076e-01
5.823490558656115172e+04	-3.216575451442622580e-01	2.891133196657443283e-01
5.823694609524506814e+04	7.809596712913844385e-01	2.801604086530450899e-01
5.823805601080522320e+04	-8.278518665201772819e-01	2.774341149319550781e-01
5.823907104207040538e+04	-1.033044547519239131e+00	2.797582574493575058e-01
5.824200286392862472e+04	1.082591577374842018e+00	2.805311972104062024e-01
5.824301855278470612e+04	2.207966194600885501e-02	2.787112513821189408e-01
5.824592905966512626e+04	1.730112203640601365e-01	2.853035518327760034e-01
5.824705303038441343e+04	4.886500526072268258e-01	2.796991271218057795e-01
5.824811403371203778e+04	-6.310943298203710583e-01	2.791204578389384627e-01
5.824898641924573167e+04	2.719286928113433532e-01	2.773172168788195502e-01
5.825188581712599262e+04	-1.582904703323947615e+00	2.895119298195951152e-01
5.825302387643499242e+04	9.561350375133770285e-01	2.793941041277769877e-01
5.825510544721495535e+04	1.535083163236777182e+00	2.811379611930826528e-01
5.825612456021997059e+04	9.269293872584967175e-01	2.816872997107570109e-01
5.825688248817014392e+04	-1.785601120249339147e+00	2.954338747410999999e-01
5.825810658321873052e+04	8.435428753273299662e-02	2.803699547286624960e-01
5.825888484793445241e+04	-1.859827054829111148e+00	2.991401324587766308e-01
5.825988698116596788e+04	-6.730600037644762779e-02	2.945113300353979224e-01
5.826687342751499818e+04	-1.511529852924468287e+00	2.970209979349870411e-01
5.826814811027782707e+04	2.080158998569459072e-01	2.845433582582016507e-01
5.827001488482520654e+04	1.614466338147394708e+00	2.800146623829063430e-01
5.827110663969261805e+04	1.130377153515837563e+00	2.823232530630375714e-01
5.827184137640391418e+04	-9.637898305609269300e-01	3.104624194779831980e-01
5.827285631984813517e+04	-2.321007425494826748e+00	3.012635906594532398e-01
5.827410119866322930e+04	1.629103940761524427e+00	2.805263380780348981e-01
5.827509998600851395e+04	3.910645236883283360e-01	2.813186215998847994e-01
5.827613000469705003e+04	1.738760810067105922e-01	2.818402711442279940e-01
5.827696592961745046e+04	-3.620359793485476985e-01	2.788845773839974673e-01
5.828322397996400105e+04	-3.295543094600361655e-01	3.012730208789749509e-01
5.828512078549541911e+04	1.056448603545504739e+00	2.839055925058987517e-01
5.828696884103813500e+04	-1.770378548097141902e+00	2.802173035856708738e-01
5.828912543535865552e+04	2.464644052935909713e+00	2.852975402581513498e-01
5.829002051496940840e+04	8.334221402637922438e-01	2.802644117025052117e-01
5.829098511244853580e+04	-6.003388626286323415e-01	2.803337202169480791e-01
5.829207795070838620e+04	-1.128225810060030199e+00	2.814711364988155551e-01
5.829313908436211932e+04	1.332813958311817260e+00	2.829951661715396916e-01
5.829413378038530936e+04	1.377439271470393578e+00	2.833462446805393165e-01
5.829796782897082448e+04	-1.671562503101085895e+00	2.796221470325027658e-01
5.830010058163906797e+04	5.774902397670302889e-01	2.814877586954223632e-01
5.830387574614842742e+04	9.426291785503053688e-01	3.806143839898871728e-01
5.830512216345397610e+04	-8.487570437337126350e-01	3.348591172909613500e-01
5.830620730980112421e+04	4.381613112309423741e-01	2.933616032753894598e-01
5.830689431039030023e+04	1.275959947670344263e-01	2.928366707168357785e-01
5.831311992467886739e+04	2.140032788947792142e-01	2.933598726959574798e-01
5.831386587794029037e+04	6.269302256905575632e-01	3.131611093989244976e-01
5.831509207824336772e+04	2.302723570292073418e-01	2.922683481100235015e-01
5.831591425744770095e+04	-2.345960213697253494e-01	3.004997086878666845e-01
