BJD	Res	err
5.722218249587630999e+04	-2.446135973987111356e-01	2.421892312819752258e-01
5.722391687116972753e+04	-1.206469639737406396e-01	2.289541518369341555e-01
5.723295181496451551e+04	5.416279087294242345e-01	2.280637939386934987e-01
5.723413024166393006e+04	-1.759476821874159214e+00	2.257924539646047057e-01
5.723496810407444718e+04	9.690676073341819574e-01	2.270806832965007460e-01
5.723608891514118295e+04	8.109738848543202039e-01	2.234671470293437545e-01
5.723785161063043779e+04	9.801181977445594384e-01	2.514907020961793527e-01
5.723907750609017239e+04	-1.441603930100427533e+00	2.264963282522208521e-01
5.723992076011531753e+04	-4.861978834851470310e-01	2.342238969744510346e-01
5.724196113980243535e+04	2.588769344333741174e+00	2.373880125867025292e-01
5.725198008409460454e+04	-4.954701288215801469e-01	2.252283299920853910e-01
5.725287920852556999e+04	2.097316503668480436e-01	2.374066149605860987e-01
5.725392418441180052e+04	-1.004991700201571803e+00	2.326059197945850865e-01
5.725511323002979771e+04	-4.004975912539521232e-01	2.295644870785346070e-01
5.725588684520369861e+04	-2.997476686541631352e-01	2.429513294744727325e-01
5.725914204134904867e+04	1.272354431715029932e+00	2.284895797801007322e-01
5.726113331115732581e+04	1.371300601002076291e+00	2.273732104045987912e-01
5.726193471214175224e+04	-2.763454829464535578e-01	2.360807457293105094e-01
5.726316294601008121e+04	-1.246092326482539647e+00	2.295032800374976478e-01
5.726397461389168893e+04	-6.564425572405525600e-01	2.312927188845298188e-01
5.726505711788827466e+04	5.818325605059726513e-01	2.295254516130509348e-01
5.726613164115887048e+04	-3.830916590723063564e-01	2.306875245565482013e-01
5.726691520497083548e+04	-7.042736071634863038e-01	2.449599926329510680e-01
5.726786173013692314e+04	-4.204597953084885376e-01	2.487916204842890722e-01
5.726899904854912165e+04	2.913322808490192983e-01	2.263480940540980590e-01
5.727003197692429239e+04	-2.596389593218191294e-01	2.295148366989823441e-01
5.727108115630353859e+04	-2.329309164915684960e-01	2.299805166989797589e-01
5.727293564436733868e+04	-1.987072880019695731e-01	2.407809715616784640e-01
5.727404854122327379e+04	-3.820102847494126763e-01	2.354722103192583293e-01
5.727512443259388965e+04	-6.975705722979910206e-01	2.310892825066630796e-01
5.727799895966020995e+04	6.425148172693297965e-01	2.315015794535501825e-01
5.727914781264035992e+04	2.967349739392375341e-01	2.354812002201237542e-01
5.728009598712627485e+04	3.938395888981176540e-01	2.319863478503593479e-01
5.728094982365499891e+04	-1.890481106049264781e+00	2.361324106261674383e-01
5.728206901844918320e+04	2.096559887724652071e+00	2.307277723198144503e-01
5.728313381301489426e+04	-6.702709309975034557e-01	2.328683769189144603e-01
5.729290288893938850e+04	9.927884439539411687e-01	2.469975507924217772e-01
5.729399593177351926e+04	2.235320631295508065e+00	2.351103101515944760e-01
5.729486595496555674e+04	-6.494834081058797892e-01	2.533498213208029148e-01
5.730110538716134761e+04	4.208405863073494402e-01	2.637488463312896436e-01
5.730200421928437572e+04	3.851367657080118079e-02	2.260973358962653501e-01
5.730292134819882631e+04	-1.277610702661149844e+00	2.392607257450469482e-01
5.730411825520274579e+04	9.001317377806117292e-02	2.295475294686412093e-01
5.730694149808207294e+04	-1.472856674728063808e+00	2.339386503060224276e-01
5.730803354676790332e+04	-8.835400948646565666e-02	2.258791717434268931e-01
5.732195510678999563e+04	-3.255026601800636854e-01	2.249439998478941216e-01
5.732393824093314470e+04	-1.855222021560621215e+00	2.275780016290738228e-01
5.732503690046801057e+04	4.034529207783634774e-01	2.224498441926131276e-01
5.732602413406591950e+04	1.001153599039753317e+00	2.214012169297621957e-01
5.732791467010226188e+04	-1.016235605642577866e+00	2.351460179737770995e-01
5.732892672839445731e+04	-8.676350336299947230e-01	2.313637660167795207e-01
5.733014761128581449e+04	1.507150827010264038e-01	2.304470035346635193e-01
5.733089984056852700e+04	8.906847371727053542e-01	2.377443285704150810e-01
5.733196093302501686e+04	1.171507999680216017e+00	2.246496625875575859e-01
5.733296084970870288e+04	7.093159282649139641e-01	2.245153996598886204e-01
5.733409681480474683e+04	-3.726120305709628155e-01	2.239665585356479804e-01
5.733490896242979943e+04	-1.791776785722504428e+00	2.387090192975763747e-01
5.734501944719991297e+04	6.722735696166637354e-02	2.258203858451659218e-01
5.734695019914199656e+04	9.664591875834958046e-01	2.303784391636905238e-01
5.734791556843950821e+04	3.574262648808144149e-01	2.374988231331209010e-01
5.734997599724294560e+04	-2.870995999173828750e-01	2.261986603095026693e-01
5.735117235232754319e+04	-5.780690864758071257e-01	2.454104918988947448e-01
5.735307491231716995e+04	-2.635740124696894782e-02	2.323631497716628080e-01
5.735491036255299696e+04	2.798326236825232627e-02	2.472497679538085968e-01
5.736092306400713278e+04	-9.611687238730155514e-01	2.445731862318039906e-01
5.736797031061255257e+04	9.786927896911947755e-01	2.352513788559769115e-01
5.737199894209040212e+04	1.864295062459859764e-01	2.390086516806708694e-01
5.737910503113822779e+04	7.995668084959106636e-01	2.399396273364346743e-01
5.737996942719434446e+04	1.672470306939430884e-01	2.419427497075271605e-01
5.738097406124865665e+04	-2.635338919690184412e-01	2.411191511461805714e-01
5.738614630625353311e+04	2.157388221507062553e+00	2.451819466539804093e-01
5.738694872872376436e+04	3.260800769940033206e-01	2.441281073255151535e-01
5.738800573108796380e+04	-2.818125768659228925e+00	2.361965167651444986e-01
5.739108672644887702e+04	5.480554357754954253e-01	2.375992519843309336e-01
5.739415124080735404e+04	-2.197045701113893301e-01	2.447852457803787185e-01
5.739493107354779204e+04	-3.349233441022079205e-01	2.492114736950870324e-01
5.739607887145155837e+04	1.505385993496020092e-01	2.373060913451529308e-01
5.739706415438615659e+04	9.069750108483276563e-02	2.365020711451294444e-01
5.739810578269722464e+04	1.152243034679486300e+00	2.375795862548002180e-01
5.739906009629162145e+04	-5.513699588336749002e-01	2.352909745982257050e-01
5.740593707657718187e+04	-9.248447975596718607e-01	2.509414295616715918e-01
5.740711138087360450e+04	6.371048196269839536e-01	2.385729941503596796e-01
5.740817011640279816e+04	-3.465815958315943135e-02	2.471393444536068851e-01
5.741299663055427663e+04	2.296340937573404517e-01	2.391164679402948412e-01
5.741416605086105119e+04	5.965488174442725722e-01	2.535958329816849766e-01
5.741799256408346992e+04	-4.744476234054673114e-01	2.383188637662673193e-01
5.741904987369654555e+04	6.997960444605269004e-01	2.356266607303492966e-01
5.742413049091137509e+04	5.618235392257702188e-01	2.417146106540026818e-01
5.742800451114343014e+04	6.191746371068802546e-01	2.506723616671880372e-01
5.742892523945621360e+04	-2.797712649016830255e-01	2.668182552034725208e-01
5.743011207076595747e+04	4.539846118013883824e-01	2.410266444730548852e-01
5.743097354154312779e+04	-2.115655724956013728e-01	2.389044161909530117e-01
5.743316270496119978e+04	-1.000151732738231658e+00	2.424544391966680090e-01
5.743402745144344954e+04	1.687762302794908464e+00	2.355854873277835881e-01
5.743601480222826649e+04	-1.394930185952034662e+00	2.362253500387364313e-01
5.744008916997300548e+04	1.395046546348567063e+00	2.366132092062318282e-01
5.744504099954455887e+04	2.288443083789388766e-01	2.359449794877651607e-01
5.744591617324696563e+04	-1.730453432373906253e+00	2.525412135604475639e-01
5.744800385529352934e+04	1.009991432448259729e+00	2.371896712745484581e-01
5.744899632747523719e+04	1.583058018040901516e-01	2.346286564973142641e-01
5.745103549944573024e+04	1.522368628002368496e-01	2.660813505116296773e-01
5.745304763160986477e+04	4.439093884111571242e-01	2.403705417423406265e-01
5.745398585761812137e+04	7.799109254510767641e-01	2.396556617177242055e-01
5.745509054588233994e+04	-4.315773553016697406e-01	2.393992223240448691e-01
5.745592368632012949e+04	-4.223387986439774977e-01	2.508923456228182025e-01
5.745699621605428547e+04	3.946497046117656282e-01	2.379801030680451512e-01
5.745802519235028740e+04	8.676448521546262782e-01	2.394007023504059750e-01
5.745902206285212742e+04	-4.280701363186381059e-01	2.366904671971001572e-01
5.746200396878796892e+04	1.308196806761770858e+00	2.383458187225941660e-01
5.746320205369657924e+04	-1.445414826325759350e+00	2.520432532792560854e-01
5.746493027957682352e+04	7.435924567907932214e-01	2.576568423600449909e-01
5.746995706212560617e+04	3.300738129782985197e-01	2.485085172025278955e-01
5.747395297524705529e+04	1.458796217180861277e+00	2.489486268176348271e-01
5.747488267371329130e+04	5.393162294030844350e-01	2.629057906610227091e-01
5.747611970442417805e+04	-2.249355890143306169e+00	2.443286219045801566e-01
5.747689647744099057e+04	8.492021395404663053e-01	2.596588226240078567e-01
5.748217096708052122e+04	-1.593050233274880156e+00	2.435059587502655942e-01
5.748505026291837567e+04	1.249128227937035263e+00	2.349671273271068117e-01
5.748612088859878713e+04	-1.772572303775632463e+00	2.374869973626070607e-01
5.748705030144679040e+04	-6.892537924240969005e-01	2.354821994216803882e-01
5.748807654627154261e+04	-7.745386597880496993e-01	2.348470212302079529e-01
5.748902045974098291e+04	1.455486778688282357e+00	2.367207260115280210e-01
5.748987418026379601e+04	2.537456107384059578e-01	2.552629306380252427e-01
5.749110286336443096e+04	-5.047927029845595825e-01	2.365046095993764419e-01
5.749812560411560116e+04	-1.920780501616718539e+00	2.378167768505159430e-01
5.750202758616731444e+04	5.443870505769154988e-01	2.369103739161373678e-01
5.750292689647042425e+04	-8.556690841760428157e-01	2.469852103620539252e-01
5.750718162785549066e+04	-7.957685899900752702e-01	2.461770608489913525e-01
5.750802047395486443e+04	1.278615703092327749e+00	2.378548041386572276e-01
5.750902094199061685e+04	9.363339299652579939e-01	2.379982446121057527e-01
5.751010377570117271e+04	-9.185292707306871307e-01	2.366657382324200698e-01
5.751194102935169940e+04	5.520828559883739217e-01	2.450900093771980204e-01
5.751285670481258421e+04	-7.609776206591050141e-01	2.612476630733355232e-01
5.752212781735960743e+04	-6.639981922144215787e-01	2.480819358582980749e-01
5.752306670361200668e+04	1.880350988137251989e+00	2.436267252438722997e-01
5.752586391983911017e+04	-1.985579773458084674e+00	2.617474171190657395e-01
5.752706403318127559e+04	9.083235719117510598e-01	2.465736906542313200e-01
5.752806301495146181e+04	7.440079839680038276e-01	2.455862973314979492e-01
5.752891144702566089e+04	4.668467663132105372e-01	2.543763726723117236e-01
5.753207976665233582e+04	1.312902111872062960e+00	2.455793983807173231e-01
5.753284654377615516e+04	-1.409956057332237833e+00	2.673315912126678628e-01
5.753391784759531583e+04	-1.067636334059898218e+00	2.553039435513838051e-01
5.753488145590903150e+04	-6.310019760057912208e-01	2.579723121795624574e-01
5.753602114932166296e+04	1.838913356205921446e+00	2.467451272367260084e-01
5.753714581971090229e+04	-5.904567833667897503e-01	2.496646238748206903e-01
5.754407358966911852e+04	6.949545553688949440e-01	2.472563412321638621e-01
5.754487218439547723e+04	-1.928222423706756672e+00	2.635704459376113640e-01
5.754595904663584224e+04	6.148267835023943917e-01	2.529279374088779231e-01
5.754701727574120741e+04	2.820250752765787183e-01	2.528357494027686503e-01
5.754822849380992557e+04	-3.369577271450907574e-01	2.651933179306155686e-01
5.754909622867717553e+04	4.156810586691790377e-01	2.484232188318055978e-01
5.754994140885226807e+04	-7.722207120477833087e-01	2.553881721338766564e-01
5.755104363625435508e+04	-1.704114548056168132e-01	2.497920563990727594e-01
5.755202815382521658e+04	7.409181503835498006e-01	2.516282785353491924e-01
5.755299955529756699e+04	-1.682124282178847352e-01	2.513422008821805109e-01
5.755400356239650137e+04	-1.181621672816618229e+00	2.502684167395577419e-01
5.755491395682939765e+04	-3.379794720358404447e-01	2.581196512328695625e-01
5.755587727620040823e+04	-3.468251141403015936e-01	2.639513966290069624e-01
5.755706548580297385e+04	2.268591027615912026e+00	2.496858322070129033e-01
5.755802393437797582e+04	-5.258025207222090103e-01	2.500131155591464593e-01
5.755991654791399924e+04	-4.371124376675652456e-01	2.617123211717619635e-01
5.756091147412321152e+04	-1.081614038994302973e+00	2.790906967600890742e-01
5.756211001873706846e+04	1.812867038088370464e-01	2.664669232065920990e-01
5.756715466868032672e+04	-6.879728825961137773e-01	2.548673236307338885e-01
5.756812919920565037e+04	1.897037147891751374e-01	2.527695645920105538e-01
5.756925132112118445e+04	1.187940403990069171e+00	2.758477679699952168e-01
5.757114246390038170e+04	-3.222151520376428380e-01	2.548493649808656891e-01
5.757196904835025634e+04	-6.983681611018255353e-03	2.567056687783427216e-01
5.757303913045299123e+04	-8.011896633051946992e-01	2.529145454853854447e-01
5.757398506101049861e+04	2.835439151313039474e-01	2.542645185699961008e-01
5.757710565541387768e+04	-3.998804798420678708e-01	2.526881550382154007e-01
5.757802457860420691e+04	-6.264742302846570965e-02	2.525285210999141383e-01
5.758207341696273215e+04	-1.500945796246014652e+00	2.518842279268235229e-01
5.758290074503495271e+04	2.195072258734398929e+00	2.788947684813048444e-01
5.758505369772802806e+04	-4.562329681302799145e-01	2.748527238665280925e-01
5.758619458747888712e+04	1.146965431648823142e+00	2.906337012838072775e-01
5.758716493511012959e+04	-3.045885471155997948e-01	2.570744609032394323e-01
5.758802168761626672e+04	-2.442102020431775600e-01	2.550361252879593255e-01
5.758888113703740964e+04	2.173506057018130377e+00	2.781099635071489495e-01
5.759106345508817321e+04	-1.061247777880453214e+00	2.958878179463134139e-01
5.759196758506730839e+04	-3.251487873258156469e-01	2.981487312162090508e-01
5.759304090815815289e+04	-3.573393547858358943e-01	2.674088709060239988e-01
5.759395444633371517e+04	1.566354330543617834e-01	2.747735191829914769e-01
5.759684970819564478e+04	8.626920409551530611e-02	3.440233450528045189e-01
5.759790455097411905e+04	-5.904759826607914874e-01	2.901107506302912364e-01
5.759885786198528513e+04	-3.714763668540399522e-02	2.895754917552155194e-01
5.760010594305113773e+04	-1.110423097088641953e+00	2.768432833148811167e-01
5.760091518600507698e+04	1.801325964065654262e+00	3.022005068444380549e-01
5.760204808159654931e+04	-9.290483817367203301e-01	2.587926980906929963e-01
5.760293135218974203e+04	1.400459337150095962e+00	2.635046570663039378e-01
5.760385330721769424e+04	-1.288803434959845617e+00	2.764069116893193567e-01
5.760500418120237009e+04	1.297371427108373609e-01	2.824278657382338631e-01
5.760685064644357044e+04	-1.073474139890095103e+00	3.644837403690457944e-01
5.760784435736531304e+04	-1.115463933520004502e+00	3.125390777084749439e-01
5.760899418960297771e+04	2.134212526571900526e+00	2.620021731443747393e-01
5.761002709803861217e+04	6.945209898458415410e-02	2.728607365026733400e-01
5.761397224106359499e+04	6.440472040276290500e-01	2.674709484430697337e-01
5.761488052381110174e+04	-1.266728548715946090e+00	2.678429791515172242e-01
5.761700769548760582e+04	1.379258057618244493e+00	2.541542220974837840e-01
5.761803083072757727e+04	8.701110540168883745e-01	2.538170826999517904e-01
5.761910084565499710e+04	-1.373424033258743293e+00	2.505376021433188272e-01
5.762014512969579664e+04	-1.411265358688069682e+00	2.559723870312859417e-01
5.762101336721856205e+04	1.162292085343324288e+00	2.542812851200502711e-01
5.762295897651654377e+04	-1.063427558213334123e+00	2.699571204804175895e-01
5.762399710704420431e+04	1.860971365662408061e+00	2.667606407495032861e-01
5.762613711658005195e+04	-1.189761789840304118e+00	2.539505689190934556e-01
5.762711244403936871e+04	-1.635657841725333128e-01	2.527504375312866203e-01
5.762792555841694411e+04	3.033994387878919952e-01	3.253757109383883517e-01
5.763014019060130522e+04	-9.155936643046516110e-01	3.046162942107616955e-01
5.763102223904115817e+04	1.842521872897123103e+00	2.645434786989804832e-01
5.763422346636503062e+04	-7.885940288679194055e-01	2.759103593793357234e-01
5.763588511679249496e+04	-1.976001235260810063e+00	2.739461994728825123e-01
5.763705418471936719e+04	1.432783454770287790e+00	2.552528814140411217e-01
5.763805222087709262e+04	1.822352828966359084e+00	2.538056595213498134e-01
5.763908896134346287e+04	5.451782027612352977e-01	2.575344596387275642e-01
5.764012662455676764e+04	-2.977171051352343056e-01	2.601598615481652832e-01
5.764113491525562858e+04	-7.126049208418407943e-01	2.614870511602756520e-01
5.764215998658012541e+04	-7.078130489580871654e-01	2.602021583716213615e-01
5.764406767281886277e+04	1.708264655194398074e+00	2.666253175391935515e-01
5.764516455296331696e+04	-6.818566125293727964e-01	2.673550190422159245e-01
5.764608565801179066e+04	2.103145739101819345e-01	2.503516851291583412e-01
5.764714667590917088e+04	-4.222728807608291390e-01	2.545612137092975735e-01
5.764786274857041280e+04	-2.297690390740172006e+00	2.749208235861101968e-01
5.764905393577834184e+04	5.198554766438974184e-01	2.514624602938133058e-01
5.765008464869584714e+04	5.200271385865562479e-01	2.520347799922906806e-01
5.765102943475004577e+04	1.737389315871951112e+00	2.520897381285474581e-01
5.765389978566686477e+04	-1.888592414983577328e+00	2.675119073019853189e-01
5.765509361630025523e+04	9.188695936381918727e-01	2.506357249632977235e-01
5.765601933330369502e+04	1.405147406147079892e+00	2.514038055408465144e-01
5.765695122422647546e+04	-6.273050033069011988e-01	2.563426758744414280e-01
5.765788263197246852e+04	-5.432271480103736394e-01	2.698892989080006743e-01
5.765889512496081443e+04	-6.526478584964934271e-02	2.670357694366381485e-01
5.766096116685865127e+04	-7.549652609241093160e-01	2.595227007587492807e-01
5.766397501984203700e+04	-4.271477891197719146e-01	2.517418395158212419e-01
5.766809669133147690e+04	1.523415438626216201e+00	2.563524478445347032e-01
5.767113183184869558e+04	9.812850910111592384e-02	2.568826261163240643e-01
5.767311278449150268e+04	1.926758011421952688e+00	2.548081576810861670e-01
5.767516679496151482e+04	1.088149867609899957e-02	2.633513164833735654e-01
5.767592402414281241e+04	-1.016723124788768473e+00	2.706505605759574329e-01
5.769096347315367166e+04	-4.228976925260212738e-01	2.581340956743126136e-01
5.769988893022521370e+04	-5.205682144733145833e-01	2.812843743881046632e-01
5.770093621725602861e+04	-3.024982783063023817e-02	2.639381134334267687e-01
5.770214208906410931e+04	-9.541515312466799514e-01	2.648722450382080540e-01
5.770315391201513557e+04	4.170099104348992114e-01	2.674114657340404544e-01
5.770408915387626621e+04	-7.961741260633061756e-01	2.579430953004124283e-01
5.770601144931394083e+04	1.429895680596928287e+00	2.573672621946900274e-01
5.770914054572659370e+04	-1.275147946229481022e+00	2.703032147756264103e-01
5.771909878420423775e+04	-3.699917268104400137e-01	2.607065611737111044e-01
5.771999088318214490e+04	1.672670607786130859e-02	2.603480128266283944e-01
5.772306707531688153e+04	5.794246392097193166e-01	2.597788657661694867e-01
5.772805388435740315e+04	2.936469837186450604e-02	2.602356295804369446e-01
5.772904548832178261e+04	-1.007556631766419741e-01	2.594436430417469963e-01
5.773105045942693687e+04	-2.752590818963653874e-01	2.597211187920297482e-01
5.773314386187310447e+04	-1.841652877865271876e-01	2.683256925717985020e-01
5.773400620847655955e+04	-3.879080785109181306e-01	2.568727738495574786e-01
5.773600952689809492e+04	-2.505241723902145168e-01	2.568711174834657496e-01
5.773697794537823938e+04	5.105951800906041171e-01	2.436038798902894209e-01
5.773807017627986352e+04	-4.716262371266566333e-01	2.535027438810764644e-01
5.773903011463936127e+04	-7.692087288360198727e-01	2.537274204633920838e-01
5.775005882862828730e+04	-1.144442898066699854e+00	2.822189957086656542e-01
5.775700438329733879e+04	6.208752292877761647e-04	2.576279697860776596e-01
5.775997528764689923e+04	-4.687219422348789521e-01	2.699965981776970003e-01
5.776300933560136036e+04	-1.232432501451512508e+00	2.623779533060227043e-01
5.776408968651931355e+04	3.259033693666424369e-01	2.599084330886199390e-01
5.776913625712603971e+04	7.975889078124964726e-01	2.704986563824968715e-01
5.777009135582054296e+04	7.672533395452774130e-02	2.640167396687174151e-01
5.777293055611798627e+04	1.454174926800078538e+00	2.798035240795012646e-01
5.777394901874445350e+04	-8.750020466040950851e-01	2.774731510498475995e-01
5.777497904243520316e+04	-9.350711182369195740e-01	2.660903958225991350e-01
5.777706281731610216e+04	5.752924050702858949e-01	2.613835518171929162e-01
5.777813123728211940e+04	1.709245452605500759e+00	2.657569400041728813e-01
5.777891405756099266e+04	-1.181097000151567045e+00	2.814835566238120257e-01
5.778802617254096549e+04	5.593759245875844499e-01	2.622924092397371232e-01
5.778892426221027563e+04	-1.225657534706442675e+00	2.773263014358728351e-01
5.778991683228460170e+04	-1.527903878331017040e+00	2.802027054035403641e-01
5.779095278108432831e+04	1.393838918994333653e+00	2.698111056942524844e-01
5.779292761839699233e+04	-9.354225001607119339e-02	2.758741426769825700e-01
5.779390830304966948e+04	-8.063481541948931408e-01	2.840580613065199489e-01
5.780006344296762836e+04	1.803904914595477749e-03	2.587709864528615067e-01
5.780217658614294487e+04	-7.144309775476358482e-01	2.823195832762507851e-01
5.780507614031344565e+04	3.075244801548251417e-01	2.598835437706442097e-01
5.780806787405959767e+04	6.257862305574235506e-02	2.667289894908196901e-01
5.780995381871834252e+04	2.327648419313845807e-01	2.758768774200660578e-01
5.781115524452966201e+04	2.135650425343555980e-01	2.717853892103033742e-01
5.781213806839407334e+04	-7.683933579564836691e-01	2.695978331899119840e-01
5.781304378089933743e+04	8.863229107309962274e-01	2.705410091440729747e-01
5.781397608129892615e+04	4.029204775679318118e-01	2.687377162660207208e-01
5.781497422163018928e+04	-3.008436473101028241e-01	2.790475394091945782e-01
5.781608449202714837e+04	-6.036498720541203511e-01	2.680405390880225558e-01
5.781700966368814989e+04	3.344293199616004131e-01	2.693297922497663310e-01
5.782005879948742950e+04	-2.455730958845379064e-01	2.735199408789196762e-01
5.782094744623149018e+04	1.029904511267886846e+00	3.099123155170827038e-01
5.782188723713688523e+04	-1.131501907399979245e+00	3.359784677290655330e-01
5.782514033768785157e+04	-1.911764067322110350e+00	2.741282536065928754e-01
5.782597839734247100e+04	1.328400556732958648e+00	2.708008144561568353e-01
5.782900293020263780e+04	6.814870840198636870e-01	2.778406292974317515e-01
5.783604429138623527e+04	3.440696075731466408e-01	2.625966613112586390e-01
5.783709451088165224e+04	-2.757768231267618830e-01	2.624887767490783896e-01
5.784007879471089109e+04	-4.171629908805698506e-01	2.639865234458269594e-01
5.784096309641345579e+04	5.563740181514731376e-01	2.687998820787437237e-01
5.784507401843608386e+04	3.173388414916189504e-01	2.675690211958517417e-01
5.784596712586918147e+04	3.082454482271714369e+00	2.709269574213721832e-01
5.784686326089099020e+04	-7.527261643235760857e-01	2.912161387419530678e-01
5.784812825979183253e+04	-1.698420283189989277e+00	2.653314497631633628e-01
5.784904649030935252e+04	6.073743484275837545e-01	2.638052306772400990e-01
5.784989198031750129e+04	-7.095091039718681714e-02	2.736140946148454822e-01
5.785106828216116264e+04	-1.905281134695542278e-01	2.591390958251348908e-01
5.785190580795949063e+04	-1.208840611570849433e-01	2.692468693628877197e-01
5.785305033214913419e+04	7.992282355162387830e-01	2.602112105520803520e-01
5.785589736191210250e+04	1.949834158649537130e-01	2.801184980197960472e-01
5.785703197202116280e+04	-1.767631565450756170e+00	2.521940302788348021e-01
5.786004504380821891e+04	-1.390367415488981351e+00	2.685200779564217433e-01
5.786098986210121075e+04	1.110683008286287077e+00	2.765748056157013024e-01
5.786196940857401205e+04	4.617279584863354103e-01	2.473643520120351325e-01
5.786284707662161236e+04	-5.312698523639483028e-01	2.740608021151129670e-01
5.786510376951314538e+04	-1.915449269738928706e+00	2.463758862875189692e-01
5.786600600285922701e+04	7.867663305823953124e-01	2.464094684667058888e-01
5.786701583195257990e+04	6.300010564800686552e-01	2.452647032496365898e-01
5.786796154229143576e+04	4.515248507441356196e-01	2.482054613686589528e-01
5.787486559782475524e+04	-2.902650003170492710e-01	2.693569435050866545e-01
5.787586296091316763e+04	-7.954209885901946109e-01	2.687430973781217980e-01
5.787906093803044496e+04	1.023028493182209786e-02	2.472231418395777203e-01
5.788096916964261618e+04	-2.740275723499507876e-01	2.484412333113183990e-01
5.788710114679319668e+04	-5.001694131960903178e-01	2.477973855250653612e-01
5.789213433571685164e+04	-5.194220912717355532e-01	2.497555225313778104e-01
5.789508494481393427e+04	4.906292918622057186e-01	2.476304531164723599e-01
5.789609687557845609e+04	-1.635825244566149195e-01	2.486584771137911043e-01
5.789786975373266614e+04	-2.654632010198838543e-01	2.678863756850182187e-01
5.789914696685454692e+04	3.040456030112181907e-01	2.507917164920346331e-01
5.789987678014318954e+04	-1.316583604784682393e-01	2.652725717431182462e-01
5.790188797094691836e+04	-1.186480226688217954e-01	2.631005432265559052e-01
5.790286238781029533e+04	-1.503845746547995077e+00	2.681903532388803524e-01
5.790509026045659994e+04	5.258801999234492541e-01	2.479850296540688503e-01
5.790611758595244464e+04	8.770559686581691494e-02	2.489213656804759867e-01
5.791303726735641976e+04	6.606443295413555461e-01	2.481319337714606166e-01
5.791701506907041767e+04	-4.826780436651461059e-01	2.499557100218832428e-01
5.791788348280022910e+04	-1.034108039843886218e+00	2.654170428404117321e-01
5.792015776820814062e+04	6.856657521830129554e-01	2.533114622802100091e-01
5.792088053501294053e+04	-1.065410699625317648e+00	2.670912978692597251e-01
5.792311779988094349e+04	1.834007777185433952e+00	2.494343611336415079e-01
5.792502312010402238e+04	-2.349888511216704501e-01	2.492817940157610324e-01
5.792597680593211408e+04	-1.313312760220469499e+00	2.587783103025712017e-01
5.792702269402758975e+04	2.871577090390928788e-01	2.987705059357338988e-01
5.793090886714436783e+04	-7.757515040666476125e-01	2.951680399317486159e-01
5.793312230700624787e+04	1.851778944897887413e+00	2.614790725810203220e-01
5.793404583298163197e+04	-4.705484488913498353e-01	2.545356313418529748e-01
5.793607847822301846e+04	-7.995516168366521015e-01	2.543818862454357288e-01
5.793703376391971688e+04	-1.060146100271595060e-01	2.555275993347733143e-01
5.793810649623571226e+04	-4.037580839585643844e-01	2.554065350082615482e-01
5.793889684273618332e+04	4.923324416749892407e-01	2.687541605944281931e-01
5.794012292767063627e+04	-2.852250652422299027e-01	2.581725570750910137e-01
5.794492859977798071e+04	7.297396877147548366e-01	2.617034047909407302e-01
5.794803614624623879e+04	8.504868140362304985e-01	2.556377112387592798e-01
5.794986811578823108e+04	5.218079646283513284e-01	3.598605969747217248e-01
5.795305489056517399e+04	-1.155789760377956554e-01	2.685809423930243800e-01
5.795393294025099021e+04	5.659647536094780662e-01	2.613509427864619261e-01
5.795499742931004585e+04	2.609487589834316168e-01	2.585965344741552596e-01
5.795604107060181559e+04	-1.121266058093169704e+00	2.572777544636054015e-01
5.795700924723033677e+04	-1.516750223476265091e+00	2.602246439085350027e-01
5.795795995946624316e+04	-2.139953707519453019e-01	2.594329386694264605e-01
5.795896537735006859e+04	1.854246316647731874e+00	2.786576438671563016e-01
5.796200532161736191e+04	-6.772427012647312949e-01	2.881411738206997586e-01
5.796304260532534681e+04	-1.223354280456078413e+00	2.812809250725678556e-01
5.796384847913778503e+04	-8.847535092718317173e-01	3.659835863789560051e-01
5.796487303088443150e+04	9.472657098267518450e-01	2.939775704138701262e-01
5.796585511649785622e+04	-2.988924935743852984e-02	2.796604706814824204e-01
5.796694812909369648e+04	-3.818289299870230025e-01	2.570615777421491610e-01
5.796800410095298139e+04	1.624082285898111877e-01	2.613371487307897811e-01
5.796894704362611083e+04	1.170323642329094582e+00	2.570102890524593731e-01
5.797005673098039551e+04	-4.809670971553714480e-01	2.560239376877886941e-01
5.797107599841088086e+04	-1.471695721011201385e+00	2.549939283703081538e-01
5.797200904346943571e+04	5.229461200460718828e-01	2.622268430214194646e-01
5.797484917074124678e+04	-7.317616266764161992e-01	3.635368948121124322e-01
5.797807304571271379e+04	-1.432264608685727580e+00	2.751127448233305350e-01
5.797988440437275131e+04	1.919158222699479666e-01	2.733130603265215286e-01
5.798412176827678195e+04	-7.323063305984760518e-01	2.785126237637207125e-01
5.798487884292681701e+04	-6.333394485991448164e-01	2.769351053815342634e-01
5.798606399943599536e+04	6.036427257477043895e-01	3.061527403551771997e-01
5.798692158784053754e+04	7.578808353873682790e-01	3.820422600290826476e-01
5.798901845301394496e+04	5.843499529828477534e-01	3.043462623929378275e-01
5.799100892673392082e+04	9.256195631896844134e-01	3.262487346766115848e-01
5.799200585464394680e+04	1.258247926968579122e+00	3.137864592735724045e-01
5.799389315152880590e+04	-1.976489045177913795e+00	2.939732884830704163e-01
5.799512340108292847e+04	8.687472984911437379e-02	2.676490179891048427e-01
5.799699984900544951e+04	6.442074350479742861e-01	2.661512753425288036e-01
5.799997463470458024e+04	2.387694926055701217e-01	2.649303666803597967e-01
5.800191808355425019e+04	2.474592198754180572e+00	3.030534420756548220e-01
5.800287182935361488e+04	2.189574587846436771e+00	2.784398278206115518e-01
5.800508065038253699e+04	9.200518547186220530e-02	2.887974515272002107e-01
5.800598838651636470e+04	3.182929817030526465e-01	2.877655940401009915e-01
5.800810831114782923e+04	-6.458313737957723788e-01	2.659394730603487633e-01
5.801310458372735593e+04	-1.778574319596373243e-01	2.772677965423428481e-01
5.801499921115241887e+04	3.684764076742794714e-01	3.299176371148984654e-01
5.801695314250135561e+04	3.129846236251978553e-01	3.179509096268105517e-01
5.801790709382812929e+04	-1.529109359599715390e+00	2.602876808236754269e-01
5.801887257521833817e+04	-5.324199330734700197e-01	2.720484995886724433e-01
5.802387091736177535e+04	8.801801217732645455e-01	2.824170623864541430e-01
5.802712266330412967e+04	-1.039760863604897168e-01	2.575943021147381606e-01
5.802789690835672081e+04	-7.378616524456447223e-01	2.664604018238576066e-01
5.802906923905935400e+04	1.235657139671275218e+00	2.535361239701978131e-01
5.803000061945877678e+04	4.438587509921489982e-01	3.116951740528124404e-01
5.803100102827463706e+04	1.208785252289999335e+00	3.109127184904156294e-01
5.803196327234658384e+04	-6.154809329145791708e-01	3.128646245377283974e-01
5.803318213040917908e+04	-2.616618106145324418e+00	2.839529545268039690e-01
5.803387967820305494e+04	-7.510048141439256142e-01	2.701378416567182805e-01
5.803486969439618406e+04	1.312244374929832702e+00	2.783872237844447484e-01
5.803698617072702473e+04	1.318780957371927798e+00	3.149142166152909539e-01
5.803792937381575030e+04	-1.452269634008189314e+00	3.196850743820062180e-01
5.804407253705216135e+04	1.948982211988550262e-01	3.465465498435573166e-01
5.804597763431921339e+04	2.874130865511688171e-01	3.298916688058879942e-01
5.804701767838619708e+04	2.901728756605734816e-01	3.262000631653011462e-01
5.805196149708291341e+04	3.358429426807560958e-01	3.408207315634299017e-01
5.805700292162036931e+04	1.868893669139652047e+00	3.302753960204899975e-01
5.805814940696267149e+04	-1.026799651738656394e+00	3.362359249809017681e-01
5.806010473496841587e+04	-6.598851294538690127e-01	3.331898518740365467e-01
5.806093500006942486e+04	-8.615293960247072391e-03	3.362272095138768013e-01
5.806812153855273937e+04	-5.841688089003582718e-01	3.202986982231472157e-01
5.813713556013906054e+04	8.673381153948866995e-02	2.201905790877966007e-01
5.816417043294863106e+04	-1.865172720595182909e+00	3.903805348896818295e-01
5.816514688102939544e+04	6.000933103723582462e-01	3.855038443411530902e-01
5.817104123197635636e+04	-5.125679829898217577e-01	2.633599001867499290e-01
5.817192225493733713e+04	-3.600239832585430122e-01	2.764175549338460658e-01
5.817894650722530787e+04	3.379741957032820210e-01	2.684138040769827871e-01
5.818310274107517762e+04	-2.023631991063666646e+00	2.639329671448936709e-01
5.818598675838331837e+04	6.512006153834590805e-01	2.650012802915705512e-01
5.818790273916888691e+04	-3.163253196826190106e-01	2.773590579437133496e-01
5.819001722713754134e+04	2.062586296771769412e+00	2.631084915864988494e-01
5.819087691948243446e+04	-4.267855046455224510e-01	2.885719208919224066e-01
5.819318007645104808e+04	-2.380007546700653620e+00	2.769441441308788110e-01
5.819497290362166677e+04	1.838565712479976355e+00	2.667688619126339922e-01
5.819594082015599997e+04	9.914768627095327247e-02	2.690685455559669315e-01
5.819821083112875203e+04	-1.130218001120738336e+00	2.816959989836997358e-01
5.819991621487624070e+04	1.020349099341729016e+00	2.716949531351229852e-01
5.820119434392870608e+04	-1.510241372871860221e+00	2.769634513826764732e-01
5.820699058631485968e+04	-3.846595593358870246e-01	3.958869203249082425e-01
5.820887948414850689e+04	-5.626541724623166374e-01	2.843164452123359554e-01
5.821099344881344587e+04	1.085322137714683777e+00	2.657352269158393954e-01
5.821393219517875696e+04	1.405864568711876927e+00	2.821372332979646402e-01
5.821507141857135139e+04	-2.111376209976697282e+00	2.767083382970339511e-01
5.821693356959568337e+04	2.702153449436082155e-01	2.834339841320600017e-01
5.821787582847628801e+04	-3.801795661456708331e-01	2.989985251136156874e-01
5.821905452689331287e+04	-1.267716564125294099e-01	2.761725071382368224e-01
5.822010736412060942e+04	3.630748546993345371e-01	2.794818242219017645e-01
5.822113079341305274e+04	-6.839435154861348565e-01	2.823048189360250482e-01
5.822299637705719942e+04	1.231729838397768617e+00	2.778448059822593019e-01
5.822409910260100150e+04	-8.636873380028191605e-01	2.791957441109614302e-01
5.822504520864300866e+04	6.048815453077622806e-01	2.780687313594908949e-01
5.822707822482920892e+04	-4.592112360178361996e-01	2.789912675307529843e-01
5.823305634534436103e+04	2.761685130168189062e+00	2.785902561009754863e-01
5.823399857410270488e+04	-2.635481026163688512e-01	2.782784077948156076e-01
5.823490558656115172e+04	-5.033799973343775491e-01	2.891133196657443283e-01
5.823694609524506814e+04	7.621158948122683796e-01	2.801604086530450899e-01
5.823805601080522320e+04	-8.327926527408635593e-01	2.774341149319550781e-01
5.823907104207040538e+04	-1.105775961083054426e+00	2.797582574493575058e-01
5.824200286392862472e+04	7.485331513016717508e-01	2.805311972104062024e-01
5.824301855278470612e+04	-3.089155114603272523e-01	2.787112513821189408e-01
5.824592905966512626e+04	2.946381055608071620e-02	2.853035518327760034e-01
5.824705303038441343e+04	4.274623939527373295e-01	2.796991271218057795e-01
5.824811403371203778e+04	-6.204645634279586375e-01	2.791204578389384627e-01
5.824898641924573167e+04	3.284437567344866693e-01	2.773172168788195502e-01
5.825188581712599262e+04	-1.589542897571845970e+00	2.895119298195951152e-01
5.825302387643499242e+04	8.522334318922730745e-01	2.793941041277769877e-01
5.825510544721495535e+04	1.393310243500309298e+00	2.811379611930826528e-01
5.825612456021997059e+04	8.729852126043624594e-01	2.816872997107570109e-01
5.825688248817014392e+04	-1.763414581318102137e+00	2.954338747410999999e-01
5.825810658321873052e+04	1.505864720475074137e-01	2.803699547286624960e-01
5.825888484793445241e+04	-1.858522100488698925e+00	2.991401324587766308e-01
5.825988698116596788e+04	-2.521107623069838155e-01	2.945113300353979224e-01
5.826687342751499818e+04	-1.457879362598760054e+00	2.970209979349870411e-01
5.826814811027782707e+04	3.205207005694319378e-01	2.845433582582016507e-01
5.827001488482520654e+04	1.638668955781213299e+00	2.800146623829063430e-01
5.827110663969261805e+04	1.088665868168391171e+00	2.823232530630375714e-01
5.827184137640391418e+04	-1.043357779974940058e+00	3.104624194779831980e-01
5.827285631984813517e+04	-2.447324852321798971e+00	3.012635906594532398e-01
5.827410119866322930e+04	1.455092281803445076e+00	2.805263380780348981e-01
5.827509998600851395e+04	2.009892843425404863e-01	2.813186215998847994e-01
5.827613000469705003e+04	3.035007782273169141e-03	2.818402711442279940e-01
5.827696592961745046e+04	-4.911602032661903650e-01	2.788845773839974673e-01
5.828322397996400105e+04	-3.321629107958870009e-01	3.012730208789749509e-01
5.828512078549541911e+04	1.071646229886937363e+00	2.839055925058987517e-01
5.828696884103813500e+04	-1.777298129682094441e+00	2.802173035856708738e-01
5.828912543535865552e+04	2.365345621296000900e+00	2.852975402581513498e-01
5.829002051496940840e+04	7.196173853863001568e-01	2.802644117025052117e-01
5.829098511244853580e+04	-6.977572545392831671e-01	2.803337202169480791e-01
5.829207795070838620e+04	-1.175638557921047322e+00	2.814711364988155551e-01
5.829313908436211932e+04	1.344474886561329185e+00	2.829951661715396916e-01
5.829413378038530936e+04	1.433502507418779714e+00	2.833462446805393165e-01
5.829796782897082448e+04	-1.723644558176602004e+00	2.796221470325027658e-01
5.830010058163906797e+04	3.422522026467049727e-01	2.814877586954223632e-01
5.830387574614842742e+04	7.092904231712964247e-01	3.806143839898871728e-01
5.830512216345397610e+04	-9.575807645633176435e-01	3.348591172909613500e-01
5.830620730980112421e+04	4.453707310312893242e-01	2.933616032753894598e-01
5.830689431039030023e+04	1.973596274392548366e-01	2.928366707168357785e-01
5.831311992467886739e+04	1.897170467918840586e-01	2.933598726959574798e-01
5.831386587794029037e+04	5.749287114331309567e-01	3.131611093989244976e-01
5.831509207824336772e+04	1.443370075203347369e-01	2.922683481100235015e-01
5.831591425744770095e+04	-3.466122259633266367e-01	3.004997086878666845e-01
