BJD	Res	err
5.722218249587630999e+04	-3.137102555891999600e-01	2.421892312819752258e-01
5.722391687116972753e+04	5.337727396464799767e-01	2.289541518369341555e-01
5.723295181496451551e+04	2.202222729844578453e-01	2.280637939386934987e-01
5.723413024166393006e+04	-7.339622702915420405e-01	2.257924539646047057e-01
5.723496810407444718e+04	-2.664032550855210957e-02	2.270806832965007460e-01
5.723608891514118295e+04	2.400817314765362198e-01	2.234671470293437545e-01
5.723785161063043779e+04	-1.237999041054536065e-01	2.514907020961793527e-01
5.723907750609017239e+04	1.585170626063785448e-01	2.264963282522208521e-01
5.723992076011531753e+04	2.894830917483659505e-02	2.342238969744510346e-01
5.724196113980243535e+04	-4.700759229173456788e-02	2.373880125867025292e-01
5.725198008409460454e+04	-6.923740794818371569e-01	2.252283299920853910e-01
5.725287920852556999e+04	1.453200078941989659e-01	2.374066149605860987e-01
5.725392418441180052e+04	4.607246509733045059e-01	2.326059197945850865e-01
5.725511323002979771e+04	-8.133214717375523151e-01	2.295644870785346070e-01
5.725588684520369861e+04	-2.450772878373470576e-01	2.429513294744727325e-01
5.725914204134904867e+04	-1.102159465597196686e-01	2.284895797801007322e-01
5.726113331115732581e+04	3.804814315377598177e-01	2.273732104045987912e-01
5.726193471214175224e+04	4.325980285710642192e-01	2.360807457293105094e-01
5.726316294601008121e+04	-4.858291462626027624e-01	2.295032800374976478e-01
5.726397461389168893e+04	-8.889608107637627654e-01	2.312927188845298188e-01
5.726505711788827466e+04	1.946448478476838773e-01	2.295254516130509348e-01
5.726613164115887048e+04	3.699035992879373680e-01	2.306875245565482013e-01
5.726691520497083548e+04	-1.926711905535540836e-01	2.449599926329510680e-01
5.726786173013692314e+04	-7.813626941531168768e-01	2.487916204842890722e-01
5.726899904854912165e+04	-1.372412360385339980e-01	2.263480940540980590e-01
5.727003197692429239e+04	4.050060814567189027e-01	2.295148366989823441e-01
5.727108115630353859e+04	-2.152590517580108553e-01	2.299805166989797589e-01
5.727293564436733868e+04	-1.306585294710913558e-01	2.407809715616784640e-01
5.727404854122327379e+04	-6.894189293466013169e-02	2.354722103192583293e-01
5.727512443259388965e+04	-4.278432138325172218e-01	2.310892825066630796e-01
5.727799895966020995e+04	3.089501500151783375e-01	2.315015794535501825e-01
5.727914781264035992e+04	3.291414222964874625e-01	2.354812002201237542e-01
5.728009598712627485e+04	-2.615212980318943892e-01	2.319863478503593479e-01
5.728094982365499891e+04	-4.526040511121465215e-01	2.361324106261674383e-01
5.728206901844918320e+04	-8.633904345472842579e-02	2.307277723198144503e-01
5.728313381301489426e+04	2.366475435491111057e-02	2.328683769189144603e-01
5.729290288893938850e+04	2.413786636746095837e-01	2.469975507924217772e-01
5.729399593177351926e+04	3.766450422293274869e-01	2.351103101515944760e-01
5.729486595496555674e+04	-5.420417088501778835e-01	2.533498213208029148e-01
5.730110538716134761e+04	1.792407584233899343e-01	2.637488463312896436e-01
5.730200421928437572e+04	2.246942704735204188e-01	2.260973358962653501e-01
5.730292134819882631e+04	-1.014305926281053871e+00	2.392607257450469482e-01
5.730411825520274579e+04	3.031624896907203492e-02	2.295475294686412093e-01
5.730694149808207294e+04	-3.646277884045616702e-01	2.339386503060224276e-01
5.730803354676790332e+04	-2.084780925814868624e-01	2.258791717434268931e-01
5.732195510678999563e+04	3.538137512838801513e-01	2.249439998478941216e-01
5.732393824093314470e+04	1.757551463864786001e-01	2.275780016290738228e-01
5.732503690046801057e+04	-1.882745724589938163e-01	2.224498441926131276e-01
5.732602413406591950e+04	-3.468070834007761505e-01	2.214012169297621957e-01
5.732791467010226188e+04	-1.743515620116795617e-01	2.351460179737770995e-01
5.732892672839445731e+04	2.749710544743635410e-01	2.313637660167795207e-01
5.733014761128581449e+04	-6.931852963928264444e-01	2.304470035346635193e-01
5.733089984056852700e+04	-1.013172158977653226e-01	2.377443285704150810e-01
5.733196093302501686e+04	1.130232141748308550e-01	2.246496625875575859e-01
5.733296084970870288e+04	3.994497681522517496e-01	2.245153996598886204e-01
5.733409681480474683e+04	7.961067042258491711e-01	2.239665585356479804e-01
5.733490896242979943e+04	-1.119453697240516021e+00	2.387090192975763747e-01
5.734501944719991297e+04	3.987785599774014145e-01	2.258203858451659218e-01
5.734695019914199656e+04	-1.884705969912658929e-02	2.303784391636905238e-01
5.734791556843950821e+04	-2.578886274962428615e-01	2.374988231331209010e-01
5.734997599724294560e+04	6.140716844093105919e-01	2.261986603095026693e-01
5.735117235232754319e+04	-5.793520816834103471e-01	2.454104918988947448e-01
5.735307491231716995e+04	-5.347972973039105682e-01	2.323631497716628080e-01
5.735491036255299696e+04	6.250940268777895881e-01	2.472497679538085968e-01
5.736092306400713278e+04	-6.470065619876947949e-01	2.445731862318039906e-01
5.736797031061255257e+04	2.435583660805917816e-01	2.352513788559769115e-01
5.737199894209040212e+04	-5.323262418244780747e-01	2.390086516806708694e-01
5.737910503113822779e+04	3.302653789435936460e-01	2.399396273364346743e-01
5.737996942719434446e+04	2.808718513759345115e-02	2.419427497075271605e-01
5.738097406124865665e+04	-6.714549655315948939e-01	2.411191511461805714e-01
5.738614630625353311e+04	5.803040044864360425e-01	2.451819466539804093e-01
5.738694872872376436e+04	3.597968405002944792e-01	2.441281073255151535e-01
5.738800573108796380e+04	-4.505792335322809095e-01	2.361965167651444986e-01
5.739108672644887702e+04	-3.123046956786197370e-01	2.375992519843309336e-01
5.739415124080735404e+04	-6.472524711316935964e-01	2.447852457803787185e-01
5.739493107354779204e+04	-5.792518023285708750e-02	2.492114736950870324e-01
5.739607887145155837e+04	2.584644267316207333e-01	2.373060913451529308e-01
5.739706415438615659e+04	-1.212417601699655734e-01	2.365020711451294444e-01
5.739810578269722464e+04	-2.225933982239780562e-02	2.375795862548002180e-01
5.739906009629162145e+04	2.425985669939905165e-01	2.352909745982257050e-01
5.740593707657718187e+04	-6.653409653077915209e-01	2.509414295616715918e-01
5.740711138087360450e+04	4.044816805051851816e-01	2.385729941503596796e-01
5.740817011640279816e+04	-4.913815857246817131e-01	2.471393444536068851e-01
5.741299663055427663e+04	-2.131248759375665713e-01	2.391164679402948412e-01
5.741416605086105119e+04	-1.532784040239221213e-02	2.535958329816849766e-01
5.741799256408346992e+04	-4.759050322831797075e-01	2.383188637662673193e-01
5.741904987369654555e+04	5.057807429596863358e-01	2.356266607303492966e-01
5.742413049091137509e+04	-6.751411888441083420e-01	2.417146106540026818e-01
5.742800451114343014e+04	3.125034708235006065e-01	2.506723616671880372e-01
5.742892523945621360e+04	-5.470656227672634486e-01	2.668182552034725208e-01
5.743011207076595747e+04	-1.013974070936285443e-01	2.410266444730548852e-01
5.743097354154312779e+04	3.617863953422926215e-01	2.389044161909530117e-01
5.743316270496119978e+04	-6.886889428628251153e-03	2.424544391966680090e-01
5.743402745144344954e+04	1.493951019845383144e-01	2.355854873277835881e-01
5.743601480222826649e+04	-5.451097251772409891e-01	2.362253500387364313e-01
5.744008916997300548e+04	2.422435537640694747e-01	2.366132092062318282e-01
5.744504099954455887e+04	2.739644280297284240e-01	2.359449794877651607e-01
5.744591617324696563e+04	-9.026054812666046701e-01	2.525412135604475639e-01
5.744800385529352934e+04	-9.925874314841109936e-02	2.371896712745484581e-01
5.744899632747523719e+04	8.015200911566893183e-01	2.346286564973142641e-01
5.745103549944573024e+04	-4.832937603234910284e-01	2.660813505116296773e-01
5.745304763160986477e+04	-3.658642835769825297e-01	2.403705417423406265e-01
5.745398585761812137e+04	5.766460785730771477e-01	2.396556617177242055e-01
5.745509054588233994e+04	-5.840356131166686282e-01	2.393992223240448691e-01
5.745592368632012949e+04	-3.927847929620043033e-02	2.508923456228182025e-01
5.745699621605428547e+04	-2.308801302171872294e-01	2.379801030680451512e-01
5.745802519235028740e+04	1.459881836935323918e-01	2.394007023504059750e-01
5.745902206285212742e+04	-2.657129203421391139e-01	2.366904671971001572e-01
5.746200396878796892e+04	-2.317152631985521793e-01	2.383458187225941660e-01
5.746320205369657924e+04	-1.006520627860822970e-01	2.520432532792560854e-01
5.746493027957682352e+04	1.260084393475153774e-01	2.576568423600449909e-01
5.746995706212560617e+04	-5.739298348750594414e-01	2.485085172025278955e-01
5.747395297524705529e+04	4.069729659021703583e-01	2.489486268176348271e-01
5.747488267371329130e+04	-9.481564558851118818e-01	2.629057906610227091e-01
5.747611970442417805e+04	-3.031347394071133294e-01	2.443286219045801566e-01
5.747689647744099057e+04	1.605142172275009216e-02	2.596588226240078567e-01
5.748217096708052122e+04	1.767705674905641899e-01	2.435059587502655942e-01
5.748505026291837567e+04	-1.741173394892854276e-01	2.349671273271068117e-01
5.748612088859878713e+04	-7.162464447972638482e-03	2.374869973626070607e-01
5.748705030144679040e+04	-3.263534657092606039e-01	2.354821994216803882e-01
5.748807654627154261e+04	1.268101820206055663e-01	2.348470212302079529e-01
5.748902045974098291e+04	-3.463353841132743582e-02	2.367207260115280210e-01
5.748987418026379601e+04	-6.336017078753855003e-01	2.552629306380252427e-01
5.749110286336443096e+04	2.242357396829817162e-01	2.365046095993764419e-01
5.749812560411560116e+04	4.545747052730462201e-01	2.378167768505159430e-01
5.750202758616731444e+04	3.686667531476217619e-01	2.369103739161373678e-01
5.750292689647042425e+04	-4.088057673966289940e-01	2.469852103620539252e-01
5.750718162785549066e+04	-1.102966162534642081e-01	2.461770608489913525e-01
5.750802047395486443e+04	-3.814220535329297945e-01	2.378548041386572276e-01
5.750902094199061685e+04	1.238999673457357176e-01	2.379982446121057527e-01
5.751010377570117271e+04	-9.010677457037274962e-02	2.366657382324200698e-01
5.751194102935169940e+04	1.359495269328903078e-01	2.450900093771980204e-01
5.751285670481258421e+04	-8.303697522140396359e-02	2.612476630733355232e-01
5.752212781735960743e+04	-1.357583206505950102e-01	2.480819358582980749e-01
5.752306670361200668e+04	1.746896535547222129e-01	2.436267252438722997e-01
5.752586391983911017e+04	-5.202417991408907483e-01	2.617474171190657395e-01
5.752706403318127559e+04	-1.635389013101473665e-01	2.465736906542313200e-01
5.752806301495146181e+04	-1.804853863817896809e-01	2.455862973314979492e-01
5.752891144702566089e+04	7.110395532977520361e-02	2.543763726723117236e-01
5.753207976665233582e+04	1.370811131827593954e-01	2.455793983807173231e-01
5.753284654377615516e+04	3.188416678582939312e-03	2.673315912126678628e-01
5.753391784759531583e+04	2.149741730694643138e-01	2.553039435513838051e-01
5.753488145590903150e+04	-6.526151076162420850e-01	2.579723121795624574e-01
5.753602114932166296e+04	2.592470976969281082e-01	2.467451272367260084e-01
5.753714581971090229e+04	-3.012978250824716042e-01	2.496646238748206903e-01
5.754407358966911852e+04	-1.488948296336616295e-01	2.472563412321638621e-01
5.754487218439547723e+04	-5.860554004095490654e-01	2.635704459376113640e-01
5.754595904663584224e+04	4.966358651508073763e-01	2.529279374088779231e-01
5.754701727574120741e+04	-2.263912281191267084e-01	2.528357494027686503e-01
5.754822849380992557e+04	-3.174069528702290199e-01	2.651933179306155686e-01
5.754909622867717553e+04	2.248527151034096505e-01	2.484232188318055978e-01
5.754994140885226807e+04	-1.296840449839606890e-01	2.553881721338766564e-01
5.755104363625435508e+04	-1.383916971730059231e-02	2.497920563990727594e-01
5.755202815382521658e+04	-4.650672148812162732e-01	2.516282785353491924e-01
5.755299955529756699e+04	3.661162133713560252e-01	2.513422008821805109e-01
5.755400356239650137e+04	2.017773688457822345e-01	2.502684167395577419e-01
5.755491395682939765e+04	-6.802815774820913930e-01	2.581196512328695625e-01
5.755587727620040823e+04	-1.187859455852020574e-01	2.639513966290069624e-01
5.755706548580297385e+04	2.697436709971441360e-01	2.496858322070129033e-01
5.755802393437797582e+04	-2.455530478110148351e-01	2.500131155591464593e-01
5.755991654791399924e+04	4.695416865422430419e-02	2.617123211717619635e-01
5.756091147412321152e+04	-2.002864596365014904e-01	2.790906967600890742e-01
5.756211001873706846e+04	-3.604072370440576378e-01	2.664669232065920990e-01
5.756715466868032672e+04	-8.749404990089715284e-02	2.548673236307338885e-01
5.756812919920565037e+04	-1.221808980786391885e-01	2.527695645920105538e-01
5.756925132112118445e+04	-1.043806975304448770e-01	2.758477679699952168e-01
5.757114246390038170e+04	1.340097599112510807e-01	2.548493649808656891e-01
5.757196904835025634e+04	-1.773087489872011702e-01	2.567056687783427216e-01
5.757303913045299123e+04	-4.933709987322743018e-02	2.529145454853854447e-01
5.757398506101049861e+04	-2.137697247548828727e-01	2.542645185699961008e-01
5.757710565541387768e+04	4.763172756645417394e-02	2.526881550382154007e-01
5.757802457860420691e+04	-4.997535189183395232e-01	2.525285210999141383e-01
5.758207341696273215e+04	-3.663109193180389411e-01	2.518842279268235229e-01
5.758290074503495271e+04	-1.972837172511532344e-01	2.788947684813048444e-01
5.758505369772802806e+04	2.941876334526085657e-01	2.748527238665280925e-01
5.758619458747888712e+04	6.728082032294935289e-02	2.906337012838072775e-01
5.758716493511012959e+04	-1.017214710418556933e-01	2.570744609032394323e-01
5.758802168761626672e+04	-4.461515991968667549e-01	2.550361252879593255e-01
5.758888113703740964e+04	7.649568060274134496e-01	2.781099635071489495e-01
5.759106345508817321e+04	-4.343495338918614834e-01	2.958878179463134139e-01
5.759196758506730839e+04	-3.968910840928572270e-01	2.981487312162090508e-01
5.759304090815815289e+04	1.286290258814091203e-01	2.674088709060239988e-01
5.759395444633371517e+04	-2.383585339803744318e-01	2.747735191829914769e-01
5.759684970819564478e+04	-4.190505209011661236e-01	3.440233450528045189e-01
5.759790455097411905e+04	2.693715236662086454e-01	2.901107506302912364e-01
5.759885786198528513e+04	-3.934365464303368753e-01	2.895754917552155194e-01
5.760010594305113773e+04	-3.332903822606141375e-01	2.768432833148811167e-01
5.760091518600507698e+04	-6.534011171862630363e-02	3.022005068444380549e-01
5.760204808159654931e+04	-5.058950720276556012e-01	2.587926980906929963e-01
5.760293135218974203e+04	9.315771479886905126e-01	2.635046570663039378e-01
5.760385330721769424e+04	-5.107121162612315857e-01	2.764069116893193567e-01
5.760500418120237009e+04	-2.015780065235901475e-01	2.824278657382338631e-01
5.760685064644357044e+04	-5.152423746718426401e-01	3.644837403690457944e-01
5.760784435736531304e+04	7.461021259665301386e-02	3.125390777084749439e-01
5.760899418960297771e+04	6.192763542273240773e-01	2.620021731443747393e-01
5.761002709803861217e+04	-7.763953915959262986e-01	2.728607365026733400e-01
5.761397224106359499e+04	-6.717088540019489074e-01	2.674709484430697337e-01
5.761488052381110174e+04	-1.286395859699211996e-01	2.678429791515172242e-01
5.761700769548760582e+04	4.978718798777492793e-01	2.541542220974837840e-01
5.761803083072757727e+04	2.525795111939999060e-02	2.538170826999517904e-01
5.761910084565499710e+04	-1.943282844664224740e-01	2.505376021433188272e-01
5.762014512969579664e+04	-6.542417587209001795e-01	2.559723870312859417e-01
5.762101336721856205e+04	2.077368351143036307e-01	2.542812851200502711e-01
5.762295897651654377e+04	1.021665113555911830e-01	2.699571204804175895e-01
5.762399710704420431e+04	-2.221508235186746560e-01	2.667606407495032861e-01
5.762613711658005195e+04	-1.107204398377348298e-01	2.539505689190934556e-01
5.762711244403936871e+04	1.180208523643671015e-01	2.527504375312866203e-01
5.762792555841694411e+04	-5.827167829747850192e-01	3.253757109383883517e-01
5.763014019060130522e+04	-5.435883130338510227e-01	3.046162942107616955e-01
5.763102223904115817e+04	6.867039594467456709e-01	2.645434786989804832e-01
5.763422346636503062e+04	-4.877962386497074476e-01	2.759103593793357234e-01
5.763588511679249496e+04	-7.047997204112590452e-01	2.739461994728825123e-01
5.763705418471936719e+04	2.143760499344722348e-01	2.552528814140411217e-01
5.763805222087709262e+04	5.620169619312633813e-01	2.538056595213498134e-01
5.763908896134346287e+04	-5.443721667642336115e-01	2.575344596387275642e-01
5.764012662455676764e+04	9.912006071547807551e-02	2.601598615481652832e-01
5.764113491525562858e+04	1.435130835059936771e-01	2.614870511602756520e-01
5.764215998658012541e+04	-1.534395427657102573e-01	2.602021583716213615e-01
5.764406767281886277e+04	-3.338817306502050997e-02	2.666253175391935515e-01
5.764516455296331696e+04	-4.846299054207605650e-01	2.673550190422159245e-01
5.764608565801179066e+04	6.281398319750479686e-01	2.503516851291583412e-01
5.764714667590917088e+04	-3.820883969004285063e-01	2.545612137092975735e-01
5.764786274857041280e+04	-9.460921384723235406e-01	2.749208235861101968e-01
5.764905393577834184e+04	-1.139369129714111750e-01	2.514624602938133058e-01
5.765008464869584714e+04	-1.642235101753897197e-01	2.520347799922906806e-01
5.765102943475004577e+04	3.303814028505200895e-01	2.520897381285474581e-01
5.765389978566686477e+04	-8.235951122463802676e-01	2.675119073019853189e-01
5.765509361630025523e+04	3.243693934858953298e-01	2.506357249632977235e-01
5.765601933330369502e+04	4.476603764541238206e-01	2.514038055408465144e-01
5.765695122422647546e+04	-3.599021026725779393e-01	2.563426758744414280e-01
5.765788263197246852e+04	4.403829254196978127e-02	2.698892989080006743e-01
5.765889512496081443e+04	-8.118290069965183875e-01	2.670357694366381485e-01
5.766096116685865127e+04	1.096680929700823981e-01	2.595227007587492807e-01
5.766397501984203700e+04	-4.747267876169445344e-01	2.517418395158212419e-01
5.766809669133147690e+04	-6.006076542840190768e-01	2.563524478445347032e-01
5.767113183184869558e+04	1.689358400553260253e-01	2.568826261163240643e-01
5.767311278449150268e+04	1.127035790037211882e-02	2.548081576810861670e-01
5.767516679496151482e+04	-1.025270309867920560e-01	2.633513164833735654e-01
5.767592402414281241e+04	-2.143132666326721392e-01	2.706505605759574329e-01
5.769096347315367166e+04	-5.799424759970861487e-03	2.581340956743126136e-01
5.769988893022521370e+04	3.277739159544523773e-02	2.812843743881046632e-01
5.770093621725602861e+04	2.413071384381595408e-01	2.639381134334267687e-01
5.770214208906410931e+04	-6.928367647793152173e-01	2.648722450382080540e-01
5.770315391201513557e+04	-4.081751634796404460e-01	2.674114657340404544e-01
5.770408915387626621e+04	4.026045932707233987e-02	2.579430953004124283e-01
5.770601144931394083e+04	2.226656901316630410e-01	2.573672621946900274e-01
5.770914054572659370e+04	-1.553530728271965700e-01	2.703032147756264103e-01
5.771909878420423775e+04	-2.928554011676283153e-01	2.607065611737111044e-01
5.771999088318214490e+04	-6.096123467820291353e-02	2.603480128266283944e-01
5.772306707531688153e+04	6.920131465483336797e-02	2.597788657661694867e-01
5.772805388435740315e+04	-3.393015568248074487e-01	2.602356295804369446e-01
5.772904548832178261e+04	5.894688402407268768e-01	2.594436430417469963e-01
5.773105045942693687e+04	-3.797305035822375885e-01	2.597211187920297482e-01
5.773314386187310447e+04	-4.827285146429289853e-01	2.683256925717985020e-01
5.773400620847655955e+04	2.107735189775183926e-01	2.568727738495574786e-01
5.773600952689809492e+04	-3.637603714923187681e-01	2.568711174834657496e-01
5.773697794537823938e+04	-3.263308954940669082e-02	2.436038798902894209e-01
5.773807017627986352e+04	-1.031359228723260912e-02	2.535027438810764644e-01
5.773903011463936127e+04	-4.234412793928328256e-01	2.537274204633920838e-01
5.775005882862828730e+04	-4.439217479625199303e-01	2.822189957086656542e-01
5.775700438329733879e+04	-3.273282741386651651e-01	2.576279697860776596e-01
5.775997528764689923e+04	-9.262585100925946335e-02	2.699965981776970003e-01
5.776300933560136036e+04	-4.683842872231451793e-01	2.623779533060227043e-01
5.776408968651931355e+04	3.080303482205124510e-01	2.599084330886199390e-01
5.776913625712603971e+04	2.459109494161708653e-01	2.704986563824968715e-01
5.777009135582054296e+04	-3.549237300278349494e-01	2.640167396687174151e-01
5.777293055611798627e+04	7.665915161059331240e-01	2.798035240795012646e-01
5.777394901874445350e+04	-8.661019340939049016e-01	2.774731510498475995e-01
5.777497904243520316e+04	-5.594974173809248441e-01	2.660903958225991350e-01
5.777706281731610216e+04	1.815140097126004548e-01	2.613835518171929162e-01
5.777813123728211940e+04	3.032654295810033318e-01	2.657569400041728813e-01
5.777891405756099266e+04	-3.010768272245911703e-01	2.814835566238120257e-01
5.778802617254096549e+04	-1.113760531479215388e-01	2.622924092397371232e-01
5.778892426221027563e+04	-3.224134478472251431e-02	2.773263014358728351e-01
5.778991683228460170e+04	-7.400389510004146132e-01	2.802027054035403641e-01
5.779095278108432831e+04	3.427501931247718403e-01	2.698111056942524844e-01
5.779292761839699233e+04	-4.411158523832341416e-01	2.758741426769825700e-01
5.779390830304966948e+04	-3.388702282651649966e-01	2.840580613065199489e-01
5.780006344296762836e+04	6.486771626612153341e-03	2.587709864528615067e-01
5.780217658614294487e+04	-3.290804843297649995e-01	2.823195832762507851e-01
5.780507614031344565e+04	-1.369914210634135543e-01	2.598835437706442097e-01
5.780806787405959767e+04	-5.297086171405425148e-01	2.667289894908196901e-01
5.780995381871834252e+04	-9.279395215486374582e-03	2.758768774200660578e-01
5.781115524452966201e+04	3.837320954197878109e-01	2.717853892103033742e-01
5.781213806839407334e+04	-3.161131971043715794e-01	2.695978331899119840e-01
5.781304378089933743e+04	-2.896416210503360844e-01	2.705410091440729747e-01
5.781397608129892615e+04	-1.479653749500329241e-01	2.687377162660207208e-01
5.781497422163018928e+04	6.583138886113601984e-01	2.790475394091945782e-01
5.781608449202714837e+04	-5.772463163366410299e-01	2.680405390880225558e-01
5.781700966368814989e+04	-1.658649946767809524e-01	2.693297922497663310e-01
5.782005879948742950e+04	-4.014776515502660459e-02	2.735199408789196762e-01
5.782094744623149018e+04	-6.200881228961208080e-01	3.099123155170827038e-01
5.782188723713688523e+04	1.037941371779993460e-02	3.359784677290655330e-01
5.782514033768785157e+04	-4.202869267480622284e-01	2.741282536065928754e-01
5.782597839734247100e+04	4.209875030599334877e-01	2.708008144561568353e-01
5.782900293020263780e+04	-5.114308541225938143e-01	2.778406292974317515e-01
5.783604429138623527e+04	-6.853993779834155475e-01	2.625966613112586390e-01
5.783709451088165224e+04	1.776064608691712010e-01	2.624887767490783896e-01
5.784007879471089109e+04	-5.938773978177920299e-01	2.639865234458269594e-01
5.784096309641345579e+04	-1.088124240044976432e-01	2.687998820787437237e-01
5.784507401843608386e+04	-6.520692226381754608e-01	2.675690211958517417e-01
5.784596712586918147e+04	5.999689154339904462e-01	2.709269574213721832e-01
5.784686326089099020e+04	-1.588142669716745559e-01	2.912161387419530678e-01
5.784812825979183253e+04	-1.065598314315820971e-01	2.653314497631633628e-01
5.784904649030935252e+04	8.759972226854984001e-02	2.638052306772400990e-01
5.784989198031750129e+04	-2.669705451229731352e-01	2.736140946148454822e-01
5.785106828216116264e+04	-4.520561947387449209e-01	2.591390958251348908e-01
5.785190580795949063e+04	1.153270839557336558e-01	2.692468693628877197e-01
5.785305033214913419e+04	-5.520295078766963570e-01	2.602112105520803520e-01
5.785589736191210250e+04	8.484200238132189043e-02	2.801184980197960472e-01
5.785703197202116280e+04	-1.104572248919026833e-01	2.521940302788348021e-01
5.786004504380821891e+04	-1.358258269173688859e-01	2.685200779564217433e-01
5.786098986210121075e+04	3.207279230658741653e-01	2.765748056157013024e-01
5.786196940857401205e+04	-8.866679836857827013e-02	2.473643520120351325e-01
5.786284707662161236e+04	-1.437903480139510748e-01	2.740608021151129670e-01
5.786510376951314538e+04	9.881197497436744470e-02	2.463758862875189692e-01
5.786600600285922701e+04	-2.333275930127882702e-01	2.464094684667058888e-01
5.786701583195257990e+04	-9.925340086171274834e-02	2.452647032496365898e-01
5.786796154229143576e+04	4.657042710045828926e-01	2.482054613686589528e-01
5.787486559782475524e+04	1.503508945081932779e-02	2.693569435050866545e-01
5.787586296091316763e+04	3.327415242300446607e-02	2.687430973781217980e-01
5.787906093803044496e+04	-1.298277892275621070e-01	2.472231418395777203e-01
5.788096916964261618e+04	4.245346116235282352e-01	2.484412333113183990e-01
5.788710114679319668e+04	-4.108287697443273601e-01	2.477973855250653612e-01
5.789213433571685164e+04	-2.905815381661653873e-01	2.497555225313778104e-01
5.789508494481393427e+04	7.816909116799308777e-02	2.476304531164723599e-01
5.789609687557845609e+04	-4.515377064487182679e-01	2.486584771137911043e-01
5.789786975373266614e+04	4.138730254599636282e-01	2.678863756850182187e-01
5.789914696685454692e+04	-7.241867617388209055e-02	2.507917164920346331e-01
5.789987678014318954e+04	1.372986890983440844e-01	2.652725717431182462e-01
5.790188797094691836e+04	-5.232043032637676561e-01	2.631005432265559052e-01
5.790286238781029533e+04	6.272173866149444166e-02	2.681903532388803524e-01
5.790509026045659994e+04	3.177959114281350139e-01	2.479850296540688503e-01
5.790611758595244464e+04	-6.183799517136634449e-01	2.489213656804759867e-01
5.791303726735641976e+04	1.752293256372183805e-01	2.481319337714606166e-01
5.791701506907041767e+04	6.026333605209117650e-01	2.499557100218832428e-01
5.791788348280022910e+04	-7.463022024835908041e-01	2.654170428404117321e-01
5.792015776820814062e+04	6.538594682155007831e-04	2.533114622802100091e-01
5.792088053501294053e+04	-3.400003280870151912e-01	2.670912978692597251e-01
5.792311779988094349e+04	-8.680552872890245908e-02	2.494343611336415079e-01
5.792502312010402238e+04	1.001244566991488227e-02	2.492817940157610324e-01
5.792597680593211408e+04	-6.639540760515671991e-02	2.587783103025712017e-01
5.792702269402758975e+04	-2.098207486275924794e-01	2.987705059357338988e-01
5.793090886714436783e+04	-4.125632388089712776e-01	2.951680399317486159e-01
5.793312230700624787e+04	4.872426416934843019e-01	2.614790725810203220e-01
5.793404583298163197e+04	-3.598311858313536504e-01	2.545356313418529748e-01
5.793607847822301846e+04	2.160450155414253004e-01	2.543818862454357288e-01
5.793703376391971688e+04	-1.293377185581903177e-01	2.555275993347733143e-01
5.793810649623571226e+04	-1.790351384512689492e-02	2.554065350082615482e-01
5.793889684273618332e+04	-7.069383667456037301e-01	2.687541605944281931e-01
5.794012292767063627e+04	4.666251065981015245e-01	2.581725570750910137e-01
5.794492859977798071e+04	-3.127120868693680222e-01	2.617034047909407302e-01
5.794803614624623879e+04	4.011006473175768861e-01	2.556377112387592798e-01
5.794986811578823108e+04	8.837227121888702186e-01	3.598605969747217248e-01
5.795305489056517399e+04	-3.102430306245764768e-01	2.685809423930243800e-01
5.795393294025099021e+04	-1.773343016092923108e-01	2.613509427864619261e-01
5.795499742931004585e+04	-3.734856096393457392e-02	2.585965344741552596e-01
5.795604107060181559e+04	9.263275553546179708e-02	2.572777544636054015e-01
5.795700924723033677e+04	5.013234266687049967e-02	2.602246439085350027e-01
5.795795995946624316e+04	-4.122410701237697594e-01	2.594329386694264605e-01
5.795896537735006859e+04	-1.702923750561495808e-01	2.786576438671563016e-01
5.796200532161736191e+04	9.041981755076733407e-02	2.881411738206997586e-01
5.796304260532534681e+04	-6.539369681590301298e-01	2.812809250725678556e-01
5.796384847913778503e+04	-2.627877420278394993e-01	3.659835863789560051e-01
5.796487303088443150e+04	3.496619008681989271e-01	2.939775704138701262e-01
5.796585511649785622e+04	-1.008133842522624946e-01	2.796604706814824204e-01
5.796694812909369648e+04	-2.318307940368953268e-01	2.570615777421491610e-01
5.796800410095298139e+04	-9.472371907926770973e-01	2.613371487307897811e-01
5.796894704362611083e+04	5.880556135529957373e-01	2.570102890524593731e-01
5.797005673098039551e+04	-2.536823230127538409e-01	2.560239376877886941e-01
5.797107599841088086e+04	-3.165760361095522057e-01	2.549939283703081538e-01
5.797200904346943571e+04	8.152147132383902317e-02	2.622268430214194646e-01
5.797484917074124678e+04	-7.051830213003427161e-01	3.635368948121124322e-01
5.797807304571271379e+04	-5.581102641926065644e-01	2.751127448233305350e-01
5.797988440437275131e+04	-1.507332197733717294e-01	2.733130603265215286e-01
5.798412176827678195e+04	-6.403453716935132434e-01	2.785126237637207125e-01
5.798487884292681701e+04	5.625569618915449155e-01	2.769351053815342634e-01
5.798606399943599536e+04	-5.194277104536126899e-03	3.061527403551771997e-01
5.798692158784053754e+04	-4.858388946477845138e-01	3.820422600290826476e-01
5.798901845301394496e+04	2.730450494278073847e-01	3.043462623929378275e-01
5.799100892673392082e+04	9.939113635007856828e-02	3.262487346766115848e-01
5.799200585464394680e+04	4.468576400828254691e-01	3.137864592735724045e-01
5.799389315152880590e+04	-7.287231281121222537e-01	2.939732884830704163e-01
5.799512340108292847e+04	1.587679903147858340e-01	2.676490179891048427e-01
5.799699984900544951e+04	1.708373879922362448e-01	2.661512753425288036e-01
5.799997463470458024e+04	-3.091254862621468646e-01	2.649303666803597967e-01
5.800191808355425019e+04	2.058189085532546869e-02	3.030534420756548220e-01
5.800287182935361488e+04	6.845376226102786177e-01	2.784398278206115518e-01
5.800508065038253699e+04	2.082839625738728273e-01	2.887974515272002107e-01
5.800598838651636470e+04	1.299166993784268698e-01	2.877655940401009915e-01
5.800810831114782923e+04	-2.817973646685771882e-01	2.659394730603487633e-01
5.801310458372735593e+04	-2.937531959296535433e-01	2.772677965423428481e-01
5.801499921115241887e+04	-3.972588588199528203e-01	3.299176371148984654e-01
5.801695314250135561e+04	-2.564827415663302190e-01	3.179509096268105517e-01
5.801790709382812929e+04	-2.654090499874399711e-01	2.602876808236754269e-01
5.801887257521833817e+04	-5.984630583252226188e-02	2.720484995886724433e-01
5.802387091736177535e+04	-6.968306941397486298e-01	2.824170623864541430e-01
5.802712266330412967e+04	-5.582701582302718180e-02	2.575943021147381606e-01
5.802789690835672081e+04	-1.417790182237865793e-02	2.664604018238576066e-01
5.802906923905935400e+04	-3.179077390253013391e-01	2.535361239701978131e-01
5.803000061945877678e+04	1.462673041806823448e-01	3.116951740528124404e-01
5.803100102827463706e+04	-4.108320633324069604e-02	3.109127184904156294e-01
5.803196327234658384e+04	2.167962521239559237e-01	3.128646245377283974e-01
5.803318213040917908e+04	-6.953086747677446056e-01	2.839529545268039690e-01
5.803387967820305494e+04	-4.459447145116399724e-01	2.701378416567182805e-01
5.803486969439618406e+04	3.573891717810937507e-01	2.783872237844447484e-01
5.803698617072702473e+04	-1.930475362867838385e-01	3.149142166152909539e-01
5.803792937381575030e+04	8.357938867246161863e-02	3.196850743820062180e-01
5.804407253705216135e+04	1.424495373313732216e-01	3.465465498435573166e-01
5.804597763431921339e+04	-4.325405627980103418e-01	3.298916688058879942e-01
5.804701767838619708e+04	2.872861081446984599e-01	3.262000631653011462e-01
5.805196149708291341e+04	-4.254327457352360398e-01	3.408207315634299017e-01
5.805700292162036931e+04	7.050027009252772814e-01	3.302753960204899975e-01
5.805814940696267149e+04	-3.726041528514087986e-01	3.362359249809017681e-01
5.806010473496841587e+04	-4.753896567071791424e-01	3.331898518740365467e-01
5.806093500006942486e+04	1.625971872917375549e-02	3.362272095138768013e-01
5.806812153855273937e+04	-5.490960888555491692e-01	3.202986982231472157e-01
5.813713556013906054e+04	1.901094565322836161e-01	2.201905790877966007e-01
5.816417043294863106e+04	-2.239128829216951999e-01	3.903805348896818295e-01
5.816514688102939544e+04	-3.076285890114291988e-01	3.855038443411530902e-01
5.817104123197635636e+04	-3.829599588923144893e-01	2.633599001867499290e-01
5.817192225493733713e+04	-8.942221853395437847e-02	2.764175549338460658e-01
5.817894650722530787e+04	6.079608395950231170e-03	2.684138040769827871e-01
5.818310274107517762e+04	-2.977726204727133563e-01	2.639329671448936709e-01
5.818598675838331837e+04	-3.026383942352595113e-02	2.650012802915705512e-01
5.818790273916888691e+04	-6.274320176219134737e-01	2.773590579437133496e-01
5.819001722713754134e+04	8.277797446706358642e-02	2.631084915864988494e-01
5.819087691948243446e+04	2.050954485234512958e-01	2.885719208919224066e-01
5.819318007645104808e+04	4.456493714695142216e-01	2.769441441308788110e-01
5.819497290362166677e+04	-9.289515269100405703e-01	2.667688619126339922e-01
5.819594082015599997e+04	-5.799937549952005611e-03	2.690685455559669315e-01
5.819821083112875203e+04	1.398788173498672904e-01	2.816959989836997358e-01
5.819991621487624070e+04	-2.902272813310844413e-01	2.716949531351229852e-01
5.820119434392870608e+04	1.697646389217055685e-01	2.769634513826764732e-01
5.820699058631485968e+04	-4.474197903524128606e-01	3.958869203249082425e-01
5.820887948414850689e+04	-3.022920647777738168e-01	2.843164452123359554e-01
5.821099344881344587e+04	-3.200727825499001256e-01	2.657352269158393954e-01
5.821393219517875696e+04	7.296178117507565730e-01	2.821372332979646402e-01
5.821507141857135139e+04	1.335855048144907187e-01	2.767083382970339511e-01
5.821693356959568337e+04	-7.035196897083295653e-01	2.834339841320600017e-01
5.821787582847628801e+04	-7.550618291777482227e-01	2.989985251136156874e-01
5.821905452689331287e+04	-4.627474594750822234e-01	2.761725071382368224e-01
5.822010736412060942e+04	9.476543902939340569e-01	2.794818242219017645e-01
5.822113079341305274e+04	-3.844430863753274252e-01	2.823048189360250482e-01
5.822299637705719942e+04	-8.453744700123877465e-02	2.778448059822593019e-01
5.822409910260100150e+04	3.541646372756730443e-01	2.791957441109614302e-01
5.822504520864300866e+04	-9.229066403610914904e-01	2.780687313594908949e-01
5.822707822482920892e+04	2.478240772890245580e-01	2.789912675307529843e-01
5.823305634534436103e+04	-2.173851900405637139e+00	2.785902561009754863e-01
5.823399857410270488e+04	2.582400299463500914e-01	2.782784077948156076e-01
5.823490558656115172e+04	1.628343466965816333e+00	2.891133196657443283e-01
5.823694609524506814e+04	5.267488865611227311e-01	2.801604086530450899e-01
5.823805601080522320e+04	-7.777551556063286853e-01	2.774341149319550781e-01
5.823907104207040538e+04	-4.175467489037174573e-01	2.797582574493575058e-01
5.824200286392862472e+04	-3.418810703725796429e-01	2.805311972104062024e-01
5.824301855278470612e+04	2.592616731893855331e-01	2.787112513821189408e-01
5.824592905966512626e+04	5.109505336946824627e-01	2.853035518327760034e-01
5.824705303038441343e+04	-1.066090425873269965e+00	2.796991271218057795e-01
5.824811403371203778e+04	3.541190047453994794e-01	2.791204578389384627e-01
5.824898641924573167e+04	4.227584004279094643e-02	2.773172168788195502e-01
5.825188581712599262e+04	4.731638679213006071e-01	2.895119298195951152e-01
5.825302387643499242e+04	-4.527378207529295651e-01	2.793941041277769877e-01
5.825510544721495535e+04	3.034476828237586687e-02	2.811379611930826528e-01
5.825612456021997059e+04	-4.093256884854099553e-01	2.816872997107570109e-01
5.825688248817014392e+04	4.385763928114414512e-01	2.954338747410999999e-01
5.825810658321873052e+04	2.947719939224384689e-01	2.803699547286624960e-01
5.825888484793445241e+04	-2.429731768866218999e-01	2.991401324587766308e-01
5.825988698116596788e+04	-1.192921008097869162e-03	2.945113300353979224e-01
5.826687342751499818e+04	-6.350359168777686136e-03	2.970209979349870411e-01
5.826814811027782707e+04	-2.578886549285925867e-01	2.845433582582016507e-01
5.827001488482520654e+04	1.421665073762738984e-01	2.800146623829063430e-01
5.827110663969261805e+04	-1.731674462259462643e-01	2.823232530630375714e-01
5.827184137640391418e+04	3.516742309158615853e-01	3.104624194779831980e-01
5.827285631984813517e+04	-1.749421179704455653e-01	3.012635906594532398e-01
5.827410119866322930e+04	-2.947475355033617461e-01	2.805263380780348981e-01
5.827509998600851395e+04	-3.964275220074711115e-01	2.813186215998847994e-01
5.827613000469705003e+04	1.009590004049982781e-01	2.818402711442279940e-01
5.827696592961745046e+04	2.993989189960188924e-03	2.788845773839974673e-01
5.828322397996400105e+04	7.074416464081423328e-02	3.012730208789749509e-01
5.828512078549541911e+04	-4.184194792999562651e-01	2.839055925058987517e-01
5.828696884103813500e+04	2.363273920609287870e-02	2.802173035856708738e-01
5.828912543535865552e+04	-2.038794334247882034e-01	2.852975402581513498e-01
5.829002051496940840e+04	-1.894196023168319698e-01	2.802644117025052117e-01
5.829098511244853580e+04	-1.393999029610597518e-01	2.803337202169480791e-01
5.829207795070838620e+04	2.939714705651255144e-01	2.814711364988155551e-01
5.829313908436211932e+04	-4.651135408330588916e-01	2.829951661715396916e-01
5.829413378038530936e+04	4.081711113646946387e-01	2.833462446805393165e-01
5.829796782897082448e+04	4.808267267497541297e-01	2.796221470325027658e-01
5.830010058163906797e+04	-4.086539568807836531e-01	2.814877586954223632e-01
5.830387574614842742e+04	1.297142153388222141e-01	3.806143839898871728e-01
5.830512216345397610e+04	-4.284510440396331887e-01	3.348591172909613500e-01
5.830620730980112421e+04	-3.163454453553526946e-02	2.933616032753894598e-01
5.830689431039030023e+04	2.833618201425309735e-01	2.928366707168357785e-01
5.831311992467886739e+04	-3.839171154750857795e-01	2.933598726959574798e-01
5.831386587794029037e+04	2.900121992343258626e-01	3.131611093989244976e-01
5.831509207824336772e+04	-6.535094004505026533e-03	2.922683481100235015e-01
5.831591425744770095e+04	-4.921469161558889027e-02	3.004997086878666845e-01
